ONEWEB-0012
1 44057U 19010A   24322.58825131  .00000088  00000+0  19693-3 0  9993
2 44057  87.9092 343.6767 0002420  76.7970 283.3431 13.16592150275693
ONEWEB-0010
1 44058U 19010B   24322.84156372  .00000023  00000+0  26615-4 0  9999
2 44058  87.9096 343.6072 0001636  75.9642 284.1670 13.16596723275775
ONEWEB-0008
1 44059U 19010C   24322.86690315 -.00000028  00000+0 -10745-3 0  9995
2 44059  87.9092 343.6032 0001818 100.0799 260.0537 13.16596168275894
ONEWEB-0007
1 44060U 19010D   24322.90055242  .00000071  00000+0  15405-3 0  9990
2 44060  87.9104  13.9354 0002069  87.7558 272.3809 13.15546230275608
ONEWEB-0006
1 44061U 19010E   24322.90450821  .00000172  00000+0  42229-3 0  9999
2 44061  87.9093  13.9037 0001839  87.5992 272.5348 13.15546563275652
ONEWEB-0011
1 44062U 19010F   24323.10256454 -.00000405  00000+0 -11087-2 0  9997
2 44062  87.9096  13.8678 0001531  96.5195 263.6110 13.15547359275708
ONEWEB-0013
1 45131U 20008A   24322.86809333  .00000596  00000+0  16935-2 0  9992
2 45131  87.8643 168.8851 0002483  90.3314 269.8097 13.09405558230642
ONEWEB-0017
1 45132U 20008B   24322.88240834 -.00000016  00000+0 -81930-4 0  9998
2 45132  87.8896 151.0343 0001369  78.1189 282.0092 13.10376984232476
ONEWEB-0020
1 45133U 20008C   24322.85250617 -.00000243  00000+0 -73333-3 0  9995
2 45133  87.8889 151.0253 0001340  85.8695 274.2586 13.10368547232865
ONEWEB-0021
1 45134U 20008D   24322.79109703 -.00000672  00000+0 -19614-2 0  9995
2 45134  87.8899 151.0603 0001666  84.7158 275.4159 13.10375144233163
ONEWEB-0023
1 45136U 20008F   24322.80353843  .00000109  00000+0  27530-3 0  9995
2 45136  87.8904 151.0462 0001557  99.2971 260.8333 13.10369606232592
ONEWEB-0024
1 45137U 20008G   24322.85084798 -.00000140  00000+0 -43865-3 0  9997
2 45137  87.8882 151.0083 0001550  84.5022 275.6282 13.10368212232762
ONEWEB-0025
1 45138U 20008H   24322.79276034 -.00000593  00000+0 -17359-2 0  9997
2 45138  87.8888 151.0205 0002069  89.8855 270.2509 13.10368541233087
ONEWEB-0026
1 45139U 20008J   24322.50755923 -.00000388  00000+0 -11295-2 0  9991
2 45139  87.8886 135.9578 0001343  88.7124 271.4158 13.11416502235527
ONEWEB-0028
1 45140U 20008K   24322.76781923 -.00000158  00000+0 -48034-3 0  9997
2 45140  87.8882 135.9396 0002134  93.8975 266.2397 13.11419091233074
ONEWEB-0032
1 45141U 20008L   24322.80768490  .00000014  00000+0  37794-5 0  9999
2 45141  87.8889 151.0657 0001737  89.1733 270.9593 13.10378486232811
ONEWEB-0033
1 45142U 20008M   24322.78278233 -.00000602  00000+0 -17611-2 0  9996
2 45142  87.8887 151.0810 0001331  81.6487 278.4792 13.10369704232721
ONEWEB-0035
1 45143U 20008N   24322.89069736  .00000334  00000+0  92176-3 0  9995
2 45143  87.8896 151.0490 0001479  82.8721 277.2574 13.10376265233358
ONEWEB-0036
1 45144U 20008P   24322.80436685 -.00000161  00000+0 -49665-3 0  9993
2 45144  87.8892 151.0171 0001603  95.1677 264.9633 13.10377394232887
ONEWEB-0038
1 45145U 20008Q   24322.81106261 -.00000264  00000+0 -78092-3 0  9999
2 45145  87.8881 135.8925 0002243  81.4148 278.7234 13.11412703234781
ONEWEB-0039
1 45146U 20008R   24322.93881180 -.00000608  00000+0 -17777-2 0  9997
2 45146  87.8888 151.0101 0002144  90.1131 270.0242 13.10369830233474
ONEWEB-0040
1 45147U 20008S   24322.62674862 -.00000486  00000+0 -14293-2 0  9995
2 45147  87.8895 151.0836 0001553  86.1030 274.0275 13.10370132232357
ONEWEB-0043
1 45149U 20008U   24322.85749247 -.00000485  00000+0 -14250-2 0  9994
2 45149  87.8889 151.0363 0001921  97.8967 262.2378 13.10371208232701
ONEWEB-0044
1 45150U 20008V   24322.80935413  .00000056  00000+0  12353-3 0  9998
2 45150  87.8893 151.0394 0001737  92.3361 267.7966 13.10377421232992
ONEWEB-0045
1 45151U 20008W   24322.74153758 -.00000759  00000+0 -21782-2 0  9993
2 45151  87.8883 135.8882 0001620  85.6923 274.4390 13.11415474234859
ONEWEB-0047
1 45152U 20008X   24322.87906255 -.00000218  00000+0 -66023-3 0  9994
2 45152  87.8895 151.0316 0001533  88.0157 272.1145 13.10377495232720
ONEWEB-0048
1 45153U 20008Y   24322.87407410 -.00000510  00000+0 -14972-2 0  9994
2 45153  87.8898 151.0516 0001554  89.9209 270.2096 13.10372637232331
ONEWEB-0049
1 45154U 20008Z   24322.87573765 -.00000612  00000+0 -17893-2 0  9990
2 45154  87.8900 151.0365 0001560 107.3620 252.7678 13.10375008232557
ONEWEB-0051
1 45155U 20008AA  24322.81614129 -.00000402  00000+0 -11690-2 0  9991
2 45155  87.8881 135.9153 0001377  86.3467 273.7818 13.11413981235548
ONEWEB-0052
1 45156U 20008AB  24322.56698099 -.00000487  00000+0 -14314-2 0  9991
2 45156  87.8893 151.0576 0001715 107.2094 252.9221 13.10372556232427
ONEWEB-0053
1 45157U 20008AC  24322.77781044 -.00000426  00000+0 -12580-2 0  9994
2 45157  87.8890 151.0719 0001894  84.4071 275.7273 13.10369447232428
ONEWEB-0054
1 45158U 20008AD  24322.88903566  .00000381  00000+0  10546-2 0  9990
2 45158  87.8891 151.0284 0001471  87.2313 272.8982 13.10377515233317
ONEWEB-0056
1 45159U 20008AE  24322.94717043 -.00003021  00000+0 -86968-2 0  9998
2 45159  87.8894 151.0136 0002066  99.7937 260.3423 13.10342987233472
ONEWEB-0057
1 45160U 20008AF  24322.80104603 -.00000301  00000+0 -89793-3 0  9995
2 45160  87.8899 151.0483 0001628  87.2585 272.8729 13.10376656232867
ONEWEB-0058
1 45161U 20008AG  24322.78790704 -.00000704  00000+0 -20524-2 0  9999
2 45161  87.8885 151.0767 0001533  82.9681 277.1621 13.10373177232934
ONEWEB-0059
1 45162U 20008AH  24322.78444100 -.00000657  00000+0 -19184-2 0  9993
2 45162  87.8893 151.0646 0001477  81.8607 278.2688 13.10370542232830
ONEWEB-0062
1 45163U 20008AJ  24322.81100374  .00000152  00000+0  39965-3 0  9998
2 45163  87.8894 151.0423 0001233  77.9654 282.1612 13.10377871232702
ONEWEB-0065
1 45164U 20008AK  24322.78941809 -.00000688  00000+0 -20086-2 0  9990
2 45164  87.8897 151.0598 0001623  91.8379 268.2934 13.10371053232394
ONEWEB-0066
1 45424U 20020A   24322.80089337  .00000139  00000+0  35659-3 0  9997
2 45424  87.8882 135.9020 0001921  83.7863 276.3484 13.11415509227139
ONEWEB-0067
1 45425U 20020B   24322.76202926 -.00000153  00000+0 -46864-3 0  9992
2 45425  87.8871 135.8521 0001785  89.4846 270.6486 13.11419965227189
ONEWEB-0080
1 45426U 20020C   24322.85005852  .00000334  00000+0  90635-3 0  9996
2 45426  87.8883 135.8945 0001533  74.0332 286.0964 13.11419954227162
ONEWEB-0090
1 45427U 20020D   24322.71444610  .00000517  00000+0  14230-2 0  9990
2 45427  87.8885 135.9112 0001511  89.1982 270.9319 13.11416345227118
ONEWEB-0061
1 45428U 20020E   24322.82278973 -.00000466  00000+0 -13501-2 0  9995
2 45428  87.8880 135.8810 0001527  87.6604 272.4699 13.11416571227084
ONEWEB-0081
1 45429U 20020F   24322.80427638  .00000004  00000+0 -23650-4 0  9993
2 45429  87.8881 135.9038 0001739  88.2214 271.9113 13.11414883227199
ONEWEB-0069
1 45430U 20020G   24322.71780463  .00000396  00000+0  10803-2 0  9990
2 45430  87.8882 135.9105 0001445  88.2389 271.8904 13.11418024227114
ONEWEB-0031
1 45431U 20020H   24322.76528189  .00000010  00000+0 -85761-5 0  9993
2 45431  87.8890 135.9182 0001457  91.1138 269.0157 13.11418009227108
ONEWEB-0027
1 45432U 20020J   24322.79932832  .00000096  00000+0  21290-3 0  9999
2 45432  87.9072 120.6739 0001301 100.5849 259.5429 13.17648735230458
ONEWEB-0064
1 45433U 20020K   24322.83988542 -.00000033  00000+0 -12779-3 0  9999
2 45433  87.8885 135.9056 0001344  87.9818 272.1464 13.11417428227141
ONEWEB-0018
1 45434U 20020L   24322.71950052  .00000352  00000+0  95644-3 0  9996
2 45434  87.8883 135.9184 0001556  86.5444 273.5861 13.11417285227076
ONEWEB-0083
1 45435U 20020M   24322.78562713  .00000575  00000+0  15852-2 0  9996
2 45435  87.8883 135.8878 0001496  90.2452 269.8847 13.11418750227126
ONEWEB-0095
1 45436U 20020N   24322.77729784  .00000421  00000+0  11518-2 0  9994
2 45436  87.8882 135.9205 0001330 122.8043 237.3213 13.11417055227120
ONEWEB-0092
1 45437U 20020P   24322.74996753 -.00000461  00000+0 -13364-2 0  9991
2 45437  87.8881 135.9126 0001537 100.7889 259.3412 13.11416877227232
ONEWEB-0085
1 45438U 20020Q   24322.54994640  .00000247  00000+0  66138-3 0  9991
2 45438  87.8884 135.9591 0001595  87.3710 272.7600 13.11419047227093
ONEWEB-0096
1 45439U 20020R   24322.78731971  .00000266  00000+0  71372-3 0  9991
2 45439  87.8882 135.8805 0001766  85.5258 274.6072 13.11416850227112
ONEWEB-0037
1 45440U 20020S   24322.84497872  .00000143  00000+0  36698-3 0  9995
2 45440  87.8878 135.8441 0001577  93.6364 266.4945 13.11417259227159
ONEWEB-0042
1 45441U 20020T   24322.77700294  .00000443  00000+0  12131-2 0  9991
2 45441  87.8883 135.8953 0001596  88.7408 271.3903 13.11421985227115
ONEWEB-0098
1 45442U 20020U   24322.77036582  .00000161  00000+0  41845-3 0  9996
2 45442  87.8883 135.9061 0001307  81.6837 278.4439 13.11420381227093
ONEWEB-0055
1 45443U 20020V   24322.75595039 -.00000406  00000+0 -11805-2 0  9998
2 45443  87.8887 135.9120 0001510  86.5648 273.5653 13.11419468227069
ONEWEB-0093
1 45444U 20020W   24322.80765479 -.00000134  00000+0 -41407-3 0  9992
2 45444  87.8883 135.8839 0001679  82.9881 277.1438 13.11417226227136
ONEWEB-0029
1 45445U 20020X   24322.75007633 -.00000549  00000+0 -15836-2 0  9994
2 45445  87.8882 135.9089 0001716  89.7319 270.4006 13.11417092227102
ONEWEB-0068
1 45446U 20020Y   24322.72543610  .00000115  00000+0  28869-3 0  9990
2 45446  87.8882 135.8994 0001730  87.9476 272.1850 13.11416070227041
ONEWEB-0046
1 45447U 20020Z   24322.79920383  .00000247  00000+0  66033-3 0  9995
2 45447  87.8882 135.8967 0001754  98.8596 261.2731 13.11414820227062
ONEWEB-0063
1 45448U 20020AA  24322.82801854 -.00000453  00000+0 -13140-2 0  9992
2 45448  87.8881 135.8906 0001525 100.0959 260.0341 13.11416443227157
ONEWEB-0019
1 45449U 20020AB  24322.80259123  .00000032  00000+0  55735-4 0  9996
2 45449  87.8887 135.9050 0001389  89.8473 270.2814 13.11412849226993
ONEWEB-0094
1 45450U 20020AC  24322.77386825  .00000033  00000+0  50985-4 0  9997
2 45450  87.9078 120.6660 0001675  94.7155 265.4168 13.17647442230400
ONEWEB-0087
1 45451U 20020AD  24322.76175101 -.00000181  00000+0 -54558-3 0  9995
2 45451  87.8878 135.8686 0001787  89.3253 270.8080 13.11420338227032
ONEWEB-0082
1 45452U 20020AE  24322.83479317 -.00000276  00000+0 -81580-3 0  9990
2 45452  87.8883 135.8651 0001586  84.3187 275.8122 13.11419272227137
ONEWEB-0050
1 45453U 20020AF  24322.57467205  .00003935  00000+0  38272-3 0  9998
2 45453  88.0026 349.2692 0001038 163.2734 196.8530 14.92350466254474
ONEWEB-0034
1 45454U 20020AG  24322.93314352  .00000486  00000+0  13345-2 0  9994
2 45454  87.8882 135.8649 0001579  89.4983 270.6326 13.11416057227077
ONEWEB-0060
1 45455U 20020AH  24322.82305822 -.00000499  00000+0 -14451-2 0  9990
2 45455  87.8884 135.9067 0001517  96.0633 264.0668 13.11418237227004
ONEWEB-0086
1 45456U 20020AJ  24322.80597668 -.00000099  00000+0 -31642-3 0  9998
2 45456  87.8882 135.8901 0001942  88.1338 272.0013 13.11414525227060
ONEWEB-0088
1 45457U 20020AK  24322.78394657  .00000572  00000+0  15778-2 0  9994
2 45457  87.8876 135.8531 0001666  91.2774 268.8545 13.11418037226991
ONEWEB-0102
1 47258U 20100A   24322.78181059  .00000500  00000+0  13531-2 0  9990
2 47258  87.8859 105.4683 0001414  95.6496 264.4793 13.12440230189125
ONEWEB-0109
1 47259U 20100B   24322.63744878  .00000237  00000+0  62390-3 0  9994
2 47259  87.8862 105.4633 0001399  94.8172 265.3116 13.12441959188935
ONEWEB-0110
1 47260U 20100C   24322.66338041 -.00000425  00000+0 -12159-2 0  9998
2 47260  87.8854 105.4549 0001516  90.9846 269.1456 13.12440231189101
ONEWEB-0111
1 47261U 20100D   24322.77045094  .00000359  00000+0  96238-3 0  9999
2 47261  87.8856 105.4373 0001492  95.7588 264.3711 13.12445529188956
ONEWEB-0114
1 47262U 20100E   24322.72501933 -.00000093  00000+0 -29277-3 0  9990
2 47262  87.8857 105.4555 0001213  98.6623 261.4643 13.12444676188902
ONEWEB-0117
1 47263U 20100F   24322.64068476  .00000070  00000+0  15935-3 0  9991
2 47263  87.8861 105.4542 0001591  95.8752 264.2558 13.12438959188908
ONEWEB-0118
1 47264U 20100G   24322.74936284 -.00000191  00000+0 -56628-3 0  9994
2 47264  87.8859 105.4351 0001386 110.7594 249.3683 13.12442979189111
ONEWEB-0119
1 47265U 20100H   24323.15813569  .00000290  00000+0  77120-3 0  9999
2 47265  87.8857 105.3926 0001562  94.4613 265.6693 13.12440352189141
ONEWEB-0120
1 47266U 20100J   24322.64730647 -.00000128  00000+0 -38992-3 0  9994
2 47266  87.8863 105.4861 0001322  98.0735 262.0544 13.12438823189109
ONEWEB-0121
1 47267U 20100K   24322.78829821  .00000291  00000+0  77352-3 0  9995
2 47267  87.8855 105.4407 0001636  92.3543 267.7773 13.12439251189033
ONEWEB-0122
1 47268U 20100L   24322.78328310  .00000443  00000+0  11960-2 0  9994
2 47268  87.8855 105.4468 0001444  91.2160 268.9134 13.12445199188942
ONEWEB-0123
1 47269U 20100M   24322.77856928  .00000579  00000+0  15740-2 0  9995
2 47269  87.8857 105.4670 0001522  98.8591 261.2710 13.12440544189089
ONEWEB-0124
1 47270U 20100N   24322.91966797  .00003374  00000+0  93424-2 0  9990
2 47270  87.8850 105.4341 0002858  83.9574 276.1880 13.12423065188988
ONEWEB-0125
1 47271U 20100P   24322.66826323 -.00000370  00000+0 -10635-2 0  9991
2 47271  87.8860 105.4467 0001760 103.8535 256.2790 13.12442467189010
ONEWEB-0126
1 47272U 20100Q   24323.15081601  .00000301  00000+0  80052-3 0  9992
2 47272  87.8856 105.3507 0001412  98.6248 261.5041 13.12445961189140
ONEWEB-0127
1 47273U 20100R   24322.65528412 -.00000312  00000+0 -90223-3 0  9998
2 47273  87.8860 105.4828 0001375  94.7804 265.3482 13.12441973189102
ONEWEB-0128
1 47274U 20100S   24322.75420311 -.00001782  00000+0 -49901-2 0  9997
2 47274  87.8862 105.4763 0001864  94.7635 265.3706 13.12446101189138
ONEWEB-0129
1 47275U 20100T   24322.73314407 -.00000264  00000+0 -77038-3 0  9991
2 47275  87.8862 105.4378 0000287 123.3585 236.7571 13.12441732189061
ONEWEB-0130
1 47276U 20100U   24323.14188759 -.00000025  00000+0 -10618-3 0  9993
2 47276  87.8859 105.3613 0001413  92.6378 267.4912 13.12446762189089
ONEWEB-0131
1 47277U 20100V   24323.13864380 -.00000358  00000+0 -10302-2 0  9992
2 47277  87.8858 105.3811 0001550  92.9047 267.2259 13.12441417189126
ONEWEB-0132
1 47278U 20100W   24322.78667118  .00000383  00000+0  10293-2 0  9998
2 47278  87.8862 105.4533 0001791  95.5915 264.5418 13.12444514188974
ONEWEB-0133
1 47279U 20100X   24322.65041994 -.00000209  00000+0 -61746-3 0  9992
2 47279  87.8859 105.4707 0001577  91.6293 268.5016 13.12441966189115
ONEWEB-0134
1 47280U 20100Y   24322.92455766  .00000424  00000+0  11428-2 0  9998
2 47280  87.8852 105.4018 0001407  86.5116 273.6173 13.12444449189125
ONEWEB-0135
1 47281U 20100Z   24322.66663383 -.00000375  00000+0 -10774-2 0  9996
2 47281  87.8859 105.4781 0001536  75.9113 284.2186 13.12444565189112
ONEWEB-0136
1 47282U 20100AA  24323.14353503  .00000055  00000+0  11711-3 0  9997
2 47282  87.8859 105.3504 0001211  79.7206 280.4059 13.12444548189107
ONEWEB-0137
1 47283U 20100AB  24322.64393488 -.00000029  00000+0 -11591-3 0  9997
2 47283  87.8857 105.4677 0001483 101.4135 258.7160 13.12441714188947
ONEWEB-0138
1 47284U 20100AC  24322.69908088  .00000483  00000+0  13062-2 0  9997
2 47284  87.8854 105.4688 0001430  94.9233 265.2059 13.12443433189035
ONEWEB-0139
1 47285U 20100AD  24322.66190654 -.00000410  00000+0 -11757-2 0  9998
2 47285  87.8859 105.4539 0001501  96.3819 263.7481 13.12444314189100
ONEWEB-0140
1 47286U 20100AE  24322.92132185  .00000288  00000+0  76527-3 0  9991
2 47286  87.8855 105.4005 0001479  92.3340 267.7958 13.12441782189091
ONEWEB-0141
1 47287U 20100AF  24322.66162352 -.00000700  00000+0 -19824-2 0  9999
2 47287  87.8855 105.4657 0001530 102.3312 257.7988 13.12443011189059
ONEWEB-0142
1 47288U 20100AG  24322.78263893  .00000386  00000+0  10383-2 0  9994
2 47288  87.8856 105.4227 0001327 103.1383 256.9894 13.12442420189066
ONEWEB-0143
1 47289U 20100AH  24322.66015014 -.00000415  00000+0 -11878-2 0  9997
2 47289  87.8856 105.4693 0001541  96.0219 264.1086 13.12442319189027
ONEWEB-0144
1 47290U 20100AJ  24322.78505628  .00000427  00000+0  11505-2 0  9995
2 47290  87.8859 105.4271 0001195  96.7101 263.4164 13.12439783188968
ONEWEB-0145
1 47291U 20100AK  24322.90831002 -.00000505  00000+0 -14380-2 0  9991
2 47291  87.8856 105.4272 0001373  95.5294 264.5991 13.12443635189170
ONEWEB-0146
1 47292U 20100AL  24322.75259601 -.00000114  00000+0 -35092-3 0  9994
2 47292  87.8860 105.4433 0001942  93.8454 266.2896 13.12446725189060
ONEWEB-0147
1 47293U 20100AM  24322.64230593  .00000043  00000+0  84591-4 0  9990
2 47293  87.8857 105.4533 0001411  84.3984 275.7306 13.12439037188947
ONEWEB-0115
1 48042U 21025A   24322.73955744 -.00000222  00000+0 -64293-3 0  9999
2 48042  87.8916  74.8855 0001702 100.4574 259.6747 13.13468223177926
ONEWEB-0152
1 48043U 21025B   24322.75223646 -.00000204  00000+0 -59484-3 0  9997
2 48043  87.8918  74.8868 0001670  98.3308 261.8011 13.13470476177884
ONEWEB-0153
1 48044U 21025C   24322.73002005 -.00000284  00000+0 -81313-3 0  9994
2 48044  87.8923  74.8829 0001569 102.2889 257.8416 13.13470822177872
ONEWEB-0154
1 48045U 21025D   24322.87919100 -.00000115  00000+0 -35067-3 0  9991
2 48045  87.8922  74.8602 0001637  97.6545 262.4770 13.13473338177862
ONEWEB-0116
1 48046U 21025E   24322.84427846 -.00000031  00000+0 -11862-3 0  9994
2 48046  87.8923  74.8407 0001772  98.3437 261.7893 13.13471490177994
ONEWEB-0150
1 48047U 21025F   24323.04741872 -.00000210  00000+0 -61062-3 0  9992
2 48047  87.8917  74.8100 0001622 107.7598 252.3708 13.13468216177910
ONEWEB-0107
1 48048U 21025G   24322.74429971 -.00000116  00000+0 -35241-3 0  9997
2 48048  87.8916  74.8682 0001255 107.5983 252.5284 13.13473863177851
ONEWEB-0101
1 48049U 21025H   24322.78397352  .00000114  00000+0  27600-3 0  9995
2 48049  87.8927  74.8859 0001534 100.0939 260.0363 13.13468025177833
ONEWEB-0113
1 48050U 21025J   24322.76176974 -.00000810  00000+0 -22536-2 0  9997
2 48050  87.8919  74.8707 0001792 100.2016 259.9315 13.13463127177913
ONEWEB-0112
1 48051U 21025K   24323.12995274 -.00001149  00000+0 -31810-2 0  9992
2 48051  87.8915  74.7883 0001625 106.0245 254.1063 13.13458995177988
ONEWEB-0156
1 48052U 21025L   24323.13946577 -.00000131  00000+0 -39429-3 0  9991
2 48052  87.8920  74.7899 0001657 102.9306 257.2009 13.13470285177968
ONEWEB-0161
1 48053U 21025M   24322.73161044 -.00000226  00000+0 -65257-3 0  9998
2 48053  87.8922  74.8821 0001477 103.8828 256.2466 13.13470573177838
ONEWEB-0158
1 48054U 21025N   24323.07439835  .00000274  00000+0  71634-3 0  9990
2 48054  87.8920  74.8008 0001797 102.8303 257.3027 13.13472363178000
ONEWEB-0157
1 48055U 21025P   24322.71731131 -.00000106  00000+0 -32590-3 0  9999
2 48055  87.8921  74.8848 0001194 107.3644 252.7616 13.13472452177891
ONEWEB-0162
1 48056U 21025Q   24323.13789042  .00000070  00000+0  15802-3 0  9996
2 48056  87.8918  74.7948 0001655 104.2015 255.9298 13.13469159177901
ONEWEB-0155
1 48057U 21025R   24322.77763700  .00000280  00000+0  73087-3 0  9991
2 48057  87.8919  74.8795 0001491  97.1306 262.9993 13.13471588178017
ONEWEB-0149
1 48058U 21025S   24322.72207388 -.00000187  00000+0 -54834-3 0  9999
2 48058  87.8920  74.8857 0001737 108.8277 251.3041 13.13472834177817
ONEWEB-0148
1 48059U 21025T   24323.06804730 -.00001539  00000+0 -42505-2 0  9995
2 48059  87.8920  74.8327 0001761 124.1138 236.0159 13.13475086177984
ONEWEB-0160
1 48060U 21025U   24322.77922907  .00000212  00000+0  54521-3 0  9998
2 48060  87.8924  74.8868 0002497  92.5281 267.6134 13.13467465177899
ONEWEB-0163
1 48061U 21025V   24322.76494369  .00000362  00000+0  95540-3 0  9996
2 48061  87.8917  74.8776 0001361 107.7452 252.3826 13.13469069178014
ONEWEB-0159
1 48062U 21025W   24322.75381808 -.00000096  00000+0 -29688-3 0  9995
2 48062  87.8917  74.8617 0001520 108.4256 251.7039 13.13470705177934
ONEWEB-0164
1 48063U 21025X   24322.73637356 -.00001459  00000+0 -40301-2 0  9994
2 48063  87.8920  74.8760 0001663  96.7156 263.4163 13.13462499177911
ONEWEB-0167
1 48064U 21025Y   24323.07096864  .00000242  00000+0  62643-3 0  9997
2 48064  87.8919  74.8234 0001531 107.1793 252.9503 13.13479771177949
ONEWEB-0166
1 48065U 21025Z   24322.78714775  .00000053  00000+0  11011-3 0  9996
2 48065  87.8918  74.8571 0001689 108.7216 251.4097 13.13471200177989
ONEWEB-0151
1 48066U 21025AA  24322.86490681  .00000017  00000+0  12906-4 0  9998
2 48066  87.8922  74.8588 0001617  96.6679 263.4634 13.13472182177948
ONEWEB-0170
1 48067U 21025AB  24322.72048805 -.00000032  00000+0 -12142-3 0  9991
2 48067  87.8928  74.8914 0001913  85.4176 274.7172 13.13472710177876
ONEWEB-0168
1 48068U 21025AC  24322.78238063  .00000240  00000+0  62290-3 0  9993
2 48068  87.8921  74.8529 0001586 102.3839 257.7468 13.13472319177899
ONEWEB-0173
1 48069U 21025AD  24323.15533683  .00000320  00000+0  84260-3 0  9992
2 48069  87.8923  74.7879 0001165  98.4298 261.6963 13.13468660178187
ONEWEB-0171
1 48070U 21025AE  24322.81095740 -.00000271  00000+0 -77697-3 0  9996
2 48070  87.8922  74.8929 0001535  98.0854 262.0449 13.13470848177959
ONEWEB-0172
1 48071U 21025AF  24323.09504254 -.00000052  00000+0 -17645-3 0  9997
2 48071  87.8927  74.8028 0001482  98.3827 261.7470 13.13468474178884
ONEWEB-0174
1 48072U 21025AG  24323.15375291  .00000257  00000+0  66984-3 0  9997
2 48072  87.8924  74.8053 0001585 105.0419 255.0886 13.13471032178215
ONEWEB-0175
1 48073U 21025AH  24322.87760356 -.00000189  00000+0 -55210-3 0  9992
2 48073  87.8919  74.8393 0001632  87.7596 272.3720 13.13472721177834
ONEWEB-0177
1 48074U 21025AJ  24322.73795628 -.00000189  00000+0 -55241-3 0  9992
2 48074  87.8917  74.8776 0001289 109.3729 250.7540 13.13470479178003
ONEWEB-0178
1 48075U 21025AK  24323.06025308  .00000094  00000+0  22280-3 0  9991
2 48075  87.8923  74.8418 0001423 103.9508 256.1780 13.13468122178096
ONEWEB-0108
1 48076U 21025AL  24323.02043601 -.00000050  00000+0 -17064-3 0  9992
2 48076  87.8917  74.8179 0001850 104.2907 255.8427 13.13472699178026
ONEWEB-0169
1 48077U 21025AM  24323.12836536 -.00000143  00000+0 -42520-3 0  9999
2 48077  87.8920  74.8102 0001857 105.3759 254.7575 13.13472297177925
ONEWEB-0176
1 48210U 21031A   24322.73898877 -.00000501  00000+0 -13865-2 0  9994
2 48210  87.9030  44.3272 0001740 100.7918 259.3408 13.14503081172584
ONEWEB-0184
1 48211U 21031B   24322.94041438 -.00001699  00000+0 -46187-2 0  9993
2 48211  87.9031  44.2635 0001200  63.1766 296.9486 13.14485543172587
ONEWEB-0179
1 48212U 21031C   24322.75802659 -.00000183  00000+0 -52764-3 0  9999
2 48212  87.9030  44.3103 0001652 103.9192 256.2121 13.14502263172602
ONEWEB-0180
1 48213U 21031D   24323.01968272 -.00000868  00000+0 -23751-2 0  9997
2 48213  87.9030  44.2519 0001466 156.6397 203.4799 13.14497224172524
ONEWEB-0218
1 48214U 21031E   24323.04188259 -.00000408  00000+0 -11340-2 0  9991
2 48214  87.9029  44.2492 0001209  65.3565 294.7690 13.14502107172688
ONEWEB-0209
1 48215U 21031F   24322.72631562 -.00000202  00000+0 -57833-3 0  9996
2 48215  87.9029  44.3495 0001640 105.5434 254.5877 13.14500322172648
ONEWEB-0198
1 48216U 21031G   24322.71045919 -.00000104  00000+0 -31576-3 0  9998
2 48216  87.9033  44.3561 0001374  94.6421 265.4866 13.14503231172759
ONEWEB-0189
1 48217U 21031H   24322.72314309 -.00000248  00000+0 -70474-3 0  9991
2 48217  87.9030  44.3284 0001279  96.2864 263.8411 13.14503276172490
ONEWEB-0196
1 48218U 21031J   24323.15764260 -.00000283  00000+0 -79714-3 0  9990
2 48218  87.9035  44.2491 0001658  99.6753 260.4564 13.14502111172545
ONEWEB-0183
1 48219U 21031K   24322.75167760  .00000155  00000+0  38308-3 0  9998
2 48219  87.9029  44.3445 0001805 109.9153 250.2171 13.14500641172594
ONEWEB-0185
1 48220U 21031L   24322.93008891 -.00000220  00000+0 -62707-3 0  9994
2 48220  87.9034  44.2802 0001563 108.9759 251.1540 13.14501932172549
ONEWEB-0187
1 48221U 21031M   24322.74772441  .00000129  00000+0  31419-3 0  9995
2 48221  87.9030  44.3508 0001728 105.5932 254.5388 13.14500055172530
ONEWEB-0192
1 48222U 21031N   24322.95625223 -.00000115  00000+0 -34595-3 0  9999
2 48222  87.9029  44.3070 0001653  98.6944 261.4373 13.14503222172489
ONEWEB-0219
1 48223U 21031P   24322.78340879 -.00000042  00000+0 -14850-3 0  9993
2 48223  87.9035  44.3152 0001567 106.1758 253.9544 13.14502872172655
ONEWEB-0202
1 48224U 21031Q   24322.76438505  .00000234  00000+0  59616-3 0  9996
2 48224  87.9029  44.3362 0001118  82.6233 277.5024 13.14502162172635
ONEWEB-0204
1 48225U 21031R   24323.02681701 -.00000128  00000+0 -37868-3 0  9994
2 48225  87.9030  44.2960 0002009 109.6339 250.5008 13.14501869172577
ONEWEB-0205
1 48226U 21031S   24322.92613242  .00000148  00000+0  36436-3 0  9998
2 48226  87.9033  44.2875 0001609 106.6626 253.4680 13.14500480172562
ONEWEB-0206
1 48227U 21031T   24322.74692478 -.00000262  00000+0 -74028-3 0  9995
2 48227  87.9024  44.3087 0001588 109.4266 250.7035 13.14503169172499
ONEWEB-0182
1 48228U 21031U   24322.74216587 -.00000364  00000+0 -10168-2 0  9996
2 48228  87.9030  44.3433 0001869 104.7873 255.3464 13.14502715172703
ONEWEB-0186
1 48229U 21031V   24322.75328466  .00000163  00000+0  40398-3 0  9992
2 48229  87.9029  44.3039 0001742 100.7584 259.3742 13.14500983172651
ONEWEB-0181
1 48230U 21031W   24322.73107241 -.00000151  00000+0 -44074-3 0  9992
2 48230  87.9030  44.3788 0001569 100.2339 259.8968 13.14503861172503
ONEWEB-0188
1 48231U 21031X   24322.92136952  .00000212  00000+0  53867-3 0  9991
2 48231  87.9031  44.3350 0001735 102.9442 257.1882 13.14500113172434
ONEWEB-0220
1 48232U 21031Y   24323.03711471 -.00000288  00000+0 -81257-3 0  9999
2 48232  87.9025  44.2673 0001529 111.8286 248.3007 13.14500164172719
ONEWEB-0165
1 48233U 21031Z   24322.76120568  .00005698  00000+0  15332-1 0  9997
2 48233  87.9028  44.3491 0002150 121.7139 238.4200 13.14473721172634
ONEWEB-0199
1 48234U 21031AA  24322.74533739 -.00000025  00000+0 -10203-3 0  9999
2 48234  87.9027  44.3194 0001916  99.4049 260.7297 13.14502137172531
ONEWEB-0203
1 48235U 21031AB  24322.73582654 -.00000413  00000+0 -11492-2 0  9990
2 48235  87.9029  44.3234 0001944  89.5658 270.5694 13.14501339172540
ONEWEB-0197
1 48236U 21031AC  24322.78737355 -.00000058  00000+0 -18997-3 0  9999
2 48236  87.9033  44.3231 0001965 110.1371 249.9970 13.14503263172465
ONEWEB-0194
1 48237U 21031AD  24322.76596138  .00000253  00000+0  64754-3 0  9997
2 48237  87.9031  44.3216 0001974  94.8880 265.2476 13.14499822172636
ONEWEB-0193
1 48238U 21031AE  24322.93404963 -.00000366  00000+0 -10222-2 0  9998
2 48238  87.9035  44.2962 0001659  97.1447 262.9872 13.14502332172605
ONEWEB-0191
1 48239U 21031AF  24322.71680066 -.00000130  00000+0 -38561-3 0  9991
2 48239  87.9030  44.3185 0001667  98.0038 262.1281 13.14503120172437
ONEWEB-0195
1 48240U 21031AG  24322.92218133  .00000223  00000+0  56614-3 0  9998
2 48240  87.9030  44.2762 0001346  99.5781 260.5501 13.14502016172445
ONEWEB-0201
1 48241U 21031AH  24322.75881503  .00000280  00000+0  72169-3 0  9993
2 48241  87.9030  44.3482 0001589 104.5881 255.5425 13.14501351172656
ONEWEB-0207
1 48242U 21031AJ  24322.73822374 -.00000507  00000+0 -14024-2 0  9992
2 48242  87.9027  44.3161 0001746 109.8622 250.2696 13.14505712172560
ONEWEB-0208
1 48243U 21031AK  24322.79608830 -.00000157  00000+0 -45682-3 0  9994
2 48243  87.9033  44.3193 0001604  99.9384 260.1927 13.14499815172585
ONEWEB-0200
1 48244U 21031AL  24322.75960589  .00000230  00000+0  58714-3 0  9993
2 48244  87.9028  44.3216 0001579  99.5056 260.6252 13.14505700172508
ONEWEB-0217
1 48245U 21031AM  24322.92771570  .00000151  00000+0  37400-3 0  9994
2 48245  87.9031  44.2728 0001473  95.5393 264.5904 13.14500275172478
ONEWEB-0211
1 48767U 21045A   24322.88468635 -.00000064  00000+0 -20346-3 0  9994
2 48767  87.9095  13.8991 0001816  91.5941 268.5398 13.15547475168646
ONEWEB-0223
1 48768U 21045B   24322.90687849 -.00000200  00000+0 -56555-3 0  9991
2 48768  87.9101  13.9069 0001916  80.8284 279.3063 13.15548166168630
ONEWEB-0230
1 48769U 21045C   24323.10652805 -.00000008  00000+0 -54842-4 0  9993
2 48769  87.9099  13.9359 0001984  96.9921 263.1435 13.15551670170035
ONEWEB-0237
1 48770U 21045D   24322.86726918 -.00000457  00000+0 -12471-2 0  9992
2 48770  87.9104  13.9236 0001961  85.6875 274.4479 13.15548543168615
ONEWEB-0235
1 48771U 21045E   24322.91798079  .00000156  00000+0  38162-3 0  9996
2 48771  87.9097  13.9112 0002088  80.2954 279.8412 13.15546124168619
ONEWEB-0242
1 48772U 21045F   24322.91163957  .00000141  00000+0  34135-3 0  9998
2 48772  87.9095  13.9000 0002020  92.1524 267.9837 13.15545617168654
ONEWEB-0241
1 48773U 21045G   24322.89895973 -.00000049  00000+0 -16369-3 0  9994
2 48773  87.9104  13.9638 0001616  86.9148 273.2167 13.15549000168562
ONEWEB-0243
1 48774U 21045H   24322.85462175  .00000015  00000+0  49207-5 0  9995
2 48774  87.9107  13.9328 0002101  83.4043 276.7326 13.15549584168582
ONEWEB-0222
1 48775U 21045J   24322.91400372  .00000181  00000+0  44628-3 0  9998
2 48775  87.9095  13.9082 0001745  89.7539 270.3791 13.15550577168634
ONEWEB-0244
1 48776U 21045K   24322.71198461 -.00000350  00000+0 -96500-3 0  9996
2 48776  87.9093  13.9285 0001972  94.6717 265.4639 13.15547575169173
ONEWEB-0247
1 48777U 21045L   24322.70881323 -.00000056  00000+0 -18279-3 0  9992
2 48777  87.9102  13.9818 0002466  74.6491 285.4912 13.15550978168618
ONEWEB-0245
1 48778U 21045M   24322.85618624  .00000038  00000+0  67170-4 0  9994
2 48778  87.9095  13.9327 0001621  90.9312 269.2004 13.15549136168605
ONEWEB-0229
1 48779U 21045N   24322.92748008 -.00000331  00000+0 -91380-3 0  9990
2 48779  87.9097  13.9142 0001949  93.9201 266.2152 13.15548405168649
ONEWEB-0228
1 48780U 21045P   24322.88390077 -.00000059  00000+0 -19034-3 0  9999
2 48780  87.9094  13.9023 0001877  93.7968 266.3377 13.15549089168553
ONEWEB-0232
1 48781U 21045Q   24322.85934500 -.00000009  00000+0 -57197-4 0  9990
2 48781  87.9089  13.9138 0001833  95.5899 264.5440 13.15550471168873
ONEWEB-0231
1 48782U 21045R   24322.91322217 -.00000172  00000+0 -49118-3 0  9998
2 48782  87.9104  13.9565 0001967  89.2000 270.9355 13.15547671168579
ONEWEB-0234
1 48783U 21045S   24322.85697026  .00000007  00000+0 -15831-4 0  9997
2 48783  87.9097  13.9149 0001046 139.0363 221.0846 13.15546051168701
ONEWEB-0238
1 48784U 21045T   24322.88707063  .00000043  00000+0  80454-4 0  9996
2 48784  87.9094  13.9256 0001715 102.4616 257.6706 13.15550849168605
ONEWEB-0240
1 48785U 21045U   24322.66839915 -.00000191  00000+0 -54165-3 0  9990
2 48785  87.9095  13.9357 0001678  84.6295 275.5026 13.15550567168602
ONEWEB-0246
1 48786U 21045V   24322.96709158  .00000141  00000+0  34121-3 0  9992
2 48786  87.9096  13.8833 0001951  94.1441 265.9912 13.15550686169638
ONEWEB-0210
1 48787U 21045W   24322.86568659 -.00000330  00000+0 -91118-3 0  9992
2 48787  87.9095  13.9064 0002472  83.0727 277.0684 13.15547465168548
ONEWEB-0214
1 48788U 21045X   24322.87519166 -.00000042  00000+0 -14504-3 0  9997
2 48788  87.9096  13.8934 0002361  90.4818 269.6583 13.15545805168513
ONEWEB-0221
1 48789U 21045Y   24322.88152723 -.00000171  00000+0 -48875-3 0  9992
2 48789  87.9099  13.9143 0001698  91.0575 269.0750 13.15548562168602
ONEWEB-0213
1 48790U 21045Z   24322.87043195 -.00000021  00000+0 -89482-4 0  9999
2 48790  87.9095  13.9271 0001931  87.6171 272.5180 13.15546699168666
ONEWEB-0212
1 48791U 21045AA  24322.84745574  .00000072  00000+0  15674-3 0  9992
2 48791  87.9100  13.9179 0001742  98.2676 261.8652 13.15551289168654
ONEWEB-0227
1 48792U 21045AB  24322.69455094  .00000059  00000+0  12137-3 0  9997
2 48792  87.9099  13.9623 0001789  92.3692 267.7643 13.15551023168583
ONEWEB-0226
1 48793U 21045AC  24322.91639949  .00000160  00000+0  39133-3 0  9994
2 48793  87.9100  13.9236 0002110  86.7771 273.3601 13.15548601169701
ONEWEB-0224
1 48794U 21045AD  24322.87995640 -.00000033  00000+0 -12257-3 0  9992
2 48794  87.9100  13.9583 0000935  72.6212 287.5021 13.15547482168500
ONEWEB-0233
1 48795U 21045AE  24322.88548470  .00000009  00000+0 -99218-5 0  9995
2 48795  87.9099  13.9696 0001732  87.9257 272.2071 13.15549700168520
ONEWEB-0190
1 48796U 21045AF  24323.10019498 -.00000109  00000+0 -32348-3 0  9996
2 48796  87.9102  13.8879 0002151  71.9222 288.2142 13.15546240169746
ONEWEB-0236
1 48797U 21045AG  24323.11761826 -.00000029  00000+0 -11236-3 0  9991
2 48797  87.9104  13.8842 0001729  93.8371 266.2957 13.15550925169630
ONEWEB-0248
1 48798U 21045AH  24322.67395380  .00000148  00000+0  35890-3 0  9992
2 48798  87.9095  13.9496 0001547  72.7162 287.4137 13.15551102168618
ONEWEB-0225
1 48799U 21045AJ  24322.84825360 -.00000256  00000+0 -71359-3 0  9990
2 48799  87.9102  13.9344 0001878  84.7277 275.4067 13.15548252168641
ONEWEB-0215
1 48800U 21045AK  24322.89419984 -.00000360  00000+0 -99123-3 0  9994
2 48800  87.9095  13.8905 0001720  71.4180 288.7137 13.15548122168527
ONEWEB-0216
1 48801U 21045AL  24322.90371061 -.00002284  00000+0 -61019-2 0  9999
2 48801  87.9095  13.9314 0002581  90.4415 269.7011 13.15563438168539
ONEWEB-0239
1 48802U 21045AM  24322.90846158 -.00000537  00000+0 -14598-2 0  9993
2 48802  87.9101  13.9198 0001666  66.3961 293.7344 13.15554742168577
ONEWEB-0249
1 48967U 21060A   24322.84314164  .00000010  00000+0 -86708-5 0  9992
2 48967  87.9096 343.5993 0001737  93.1897 266.9432 13.16592541163779
ONEWEB-0250
1 48968U 21060B   24322.63604028  .00000053  00000+0  90992-4 0  9996
2 48968  87.9090 343.2767 0001485  65.0290 295.1001 13.25632422163820
ONEWEB-0252
1 48970U 21060D   24322.79882567  .00000039  00000+0  69119-4 0  9993
2 48970  87.9093 343.6012 0002204  95.4567 264.6815 13.16591818163813
ONEWEB-0253
1 48971U 21060E   24322.55976757  .00001785  00000+0  46359-2 0  9991
2 48971  87.9088 343.6575 0001946  85.8226 274.3127 13.16589916163718
ONEWEB-0254
1 48972U 21060F   24322.87322796 -.00000197  00000+0 -54986-3 0  9999
2 48972  87.9092 343.5756 0001753  74.9412 285.1913 13.16594948163754
ONEWEB-0255
1 48973U 21060G   24322.75923355  .00000128  00000+0  30196-3 0  9994
2 48973  87.9095 343.6325 0001748  82.1017 278.0313 13.16597403163818
ONEWEB-0256
1 48974U 21060H   24322.86136586 -.00000053  00000+0 -17211-3 0  9991
2 48974  87.9098 343.6201 0001998  95.4956 264.6403 13.16594297163797
ONEWEB-0257
1 48975U 21060J   24322.81781888  .00000127  00000+0  29928-3 0  9996
2 48975  87.9093 343.5954 0002005  90.4139 269.7222 13.16596365163743
ONEWEB-0258
1 48976U 21060K   24322.81939882  .00000065  00000+0  13578-3 0  9991
2 48976  87.9092 343.6230 0001752  92.3548 267.7784 13.16595831163753
ONEWEB-0259
1 48977U 21060L   24322.88906537  .00000070  00000+0  14906-3 0  9992
2 48977  87.9091 343.5937 0001637  87.6911 272.4407 13.16596903165083
ONEWEB-0260
1 48978U 21060M   24322.80437555  .00002837  00000+0  73862-2 0  9992
2 48978  87.9091 343.6398 0002641  93.2471 266.8962 13.16579458165041
ONEWEB-0261
1 48979U 21060N   24322.84954237 -.00000009  00000+0 -56248-4 0  9990
2 48979  87.9097 343.6284 0002136  79.6991 280.4381 13.16596489163820
ONEWEB-0262
1 48980U 21060P   24322.83048828  .00000120  00000+0  27960-3 0  9991
2 48980  87.9093 343.5922 0001624  80.2991 279.8323 13.16595302163781
ONEWEB-0263
1 48981U 21060Q   24322.63415693  .00000035  00000+0  58594-4 0  9991
2 48981  87.9096 343.6522 0001844  78.6757 281.4581 13.16595124163728
ONEWEB-0264
1 48982U 21060R   24322.82336097  .00000052  00000+0  10282-3 0  9993
2 48982  87.9094 343.6247 0001844  90.2060 269.9282 13.16595763163759
ONEWEB-0266
1 48984U 21060T   24322.76872721 -.00000156  00000+0 -44239-3 0  9993
2 48984  87.9093 343.6091 0001681  94.3881 265.7442 13.16596220163731
ONEWEB-0267
1 48985U 21060U   24322.85581211  .00000004  00000+0 -21847-4 0  9997
2 48985  87.9094 343.5937 0001993  84.5832 275.5526 13.16591549163757
ONEWEB-0268
1 48986U 21060V   24322.82415839  .00000058  00000+0  11691-3 0  9990
2 48986  87.9093 343.6065 0002041  93.0395 267.0970 13.16598155164013
ONEWEB-0269
1 48987U 21060W   24322.88115032  .00000006  00000+0 -18962-4 0  9992
2 48987  87.9097 343.6252 0001878  96.2393 263.8952 13.16596083163792
ONEWEB-0270
1 48988U 21060X   24322.82256796  .00000076  00000+0  16636-3 0  9991
2 48988  87.9091 343.6131 0001846  77.0965 283.0372 13.16596225163822
ONEWEB-0271
1 48989U 21060Y   24322.80989657 -.00000068  00000+0 -21049-3 0  9996
2 48989  87.9092 343.5940 0002014  83.3613 276.7747 13.16597379163825
ONEWEB-0272
1 48990U 21060Z   24322.75607024  .00000092  00000+0  20607-3 0  9991
2 48990  87.9095 343.6355 0001979  86.8808 273.2549 13.16596508163762
ONEWEB-0273
1 48991U 21060AA  24322.85423370  .00000031  00000+0  47896-4 0  9996
2 48991  87.9095 343.6016 0001723  86.4848 273.6480 13.16596293163752
ONEWEB-0274
1 48992U 21060AB  24322.80357024  .00000003  00000+0 -25035-4 0  9995
2 48992  87.9101 343.6356 0002345  92.2808 267.8591 13.16596346163780
ONEWEB-0275
1 48993U 21060AC  24322.86848599  .00000001  00000+0 -32274-4 0  9995
2 48993  87.9094 343.5937 0001907  88.0920 272.0429 13.16595876163726
ONEWEB-0276
1 48994U 21060AD  24322.82573485  .00000084  00000+0  18639-3 0  9999
2 48994  87.9093 343.5987 0001797  85.1633 274.9703 13.16596320163739
ONEWEB-0277
1 48995U 21060AE  24322.83840112  .00000031  00000+0  47958-4 0  9994
2 48995  87.9094 343.6336 0002004  79.3265 280.8091 13.16596582163723
ONEWEB-0278
1 48996U 21060AF  24322.82889936  .00000099  00000+0  22437-3 0  9999
2 48996  87.9093 343.5950 0001577  94.9058 265.2253 13.16596434163858
ONEWEB-0279
1 48997U 21060AG  24322.60883530  .00000047  00000+0  88988-4 0  9997
2 48997  87.9095 343.6357 0002066  83.1615 276.9750 13.16595113163759
ONEWEB-0280
1 48998U 21060AH  24322.85188318  .00000014  00000+0  43268-5 0  9994
2 48998  87.9095 343.5908 0001642  80.4324 279.6993 13.16596359163726
ONEWEB-0281
1 48999U 21060AJ  24322.85739849  .00000009  00000+0 -93542-5 0  9991
2 48999  87.9093 343.5898 0002008  94.9879 265.1481 13.16596654163792
ONEWEB-0282
1 49000U 21060AK  24322.88748176 -.00000014  00000+0 -69392-4 0  9993
2 49000  87.9092 343.6005 0001769  83.6186 276.5146 13.16596814163775
ONEWEB-0283
1 49001U 21060AL  24322.87640137  .00000047  00000+0  88033-4 0  9998
2 49001  87.9091 343.6076 0002012  86.9773 273.1588 13.16595955165100
ONEWEB-0284
1 49002U 21060AM  24322.79407185  .00001126  00000+0  29125-2 0  9998
2 49002  87.9080 343.5986 0001551  95.7809 264.3499 13.16591769163754
ONEWEB-0285
1 49075U 21075A   24322.78357082  .00000537  00000+0  14567-2 0  9992
2 49075  87.8860 105.4459 0001483  96.1124 264.0173 13.12440778159602
ONEWEB-0286
1 49076U 21075B   24323.13621022 -.00000264  00000+0 -76943-3 0  9997
2 49076  87.8857 105.3734 0001600 106.4238 253.7066 13.12440017159989
ONEWEB-0287
1 49077U 21075C   24322.96298639 -.00000404  00000+0 -10737-2 0  9996
2 49077  87.9073 120.6529 0001400 100.5527 259.5762 13.17648004158715
ONEWEB-0288
1 49078U 21075D   24322.66501444 -.00000352  00000+0 -10133-2 0  9997
2 49078  87.8853 105.4705 0001368  98.3210 261.8074 13.12444667159564
ONEWEB-0289
1 49079U 21075E   24322.76388200  .00000037  00000+0  62000-4 0  9992
2 49079  87.9079 120.7218 0001587  91.5739 268.5574 13.17650940158295
ONEWEB-0290
1 49080U 21075F   24322.74700443  .00000098  00000+0  21958-3 0  9992
2 49080  87.9077 120.6843 0001263  66.1595 293.9669 13.17651092157708
ONEWEB-0291
1 49081U 21075G   24322.95962770  .00000039  00000+0  67633-4 0  9995
2 49081  87.9068 120.6554 0001325  99.8609 260.2672 13.17650177158712
ONEWEB-0293
1 49082U 21075H   24322.75713083  .00000045  00000+0  82695-4 0  9997
2 49082  87.9075 120.7173 0001393  89.8706 270.2585 13.17647401157721
ONEWEB-0294
1 49083U 21075J   24322.67150443 -.00000357  00000+0 -10265-2 0  9994
2 49083  87.8853 105.4685 0000898  93.6483 266.4748 13.12442520158951
ONEWEB-0295
1 49084U 21075K   24322.75627047  .00000053  00000+0  10280-3 0  9992
2 49084  87.9078 120.6962 0001347 107.0749 253.0530 13.17652702157684
ONEWEB-0296
1 49085U 21075L   24322.65204008 -.00000273  00000+0 -79374-3 0  9995
2 49085  87.8858 105.4767 0001025 121.2369 238.8860 13.12441769158955
ONEWEB-0297
1 49086U 21075M   24322.68284942  .00000050  00000+0  10388-3 0  9995
2 49086  87.8863 105.4885 0001574  98.8147 261.3160 13.12446645159565
ONEWEB-0298
1 49087U 21075N   24322.68469770  .00000008  00000+0 -12399-4 0  9999
2 49087  87.9077 120.7283 0001657 101.3320 258.7998 13.17649721157709
ONEWEB-0299
1 49088U 21075P   24322.76219611  .00000081  00000+0  17435-3 0  9991
2 49088  87.9072 120.6753 0001637 102.5709 257.5605 13.17649192157690
ONEWEB-0300
1 49089U 21075Q   24322.75098746 -.00000163  00000+0 -48847-3 0  9999
2 49089  87.8856 105.4507 0001918  93.2681 266.8667 13.12442796159593
ONEWEB-0301
1 49090U 21075R   24322.73476179 -.00000290  00000+0 -84240-3 0  9997
2 49090  87.8856 105.4584 0001879  92.1953 267.9391 13.12442809158956
ONEWEB-0302
1 49091U 21075S   24322.64554758 -.00000030  00000+0 -11958-3 0  9996
2 49091  87.8858 105.4755 0001082  96.9310 263.1941 13.12442211158927
ONEWEB-0304
1 49092U 21075T   24322.73689156  .00000045  00000+0  82022-4 0  9993
2 49092  87.9073 120.7023 0001529 100.3475 259.7829 13.17651533157664
ONEWEB-0305
1 49093U 21075U   24322.80606438  .00000157  00000+0  37194-3 0  9997
2 49093  87.9070 120.6718 0001584 111.3420 248.7881 13.17645891157706
ONEWEB-0308
1 49094U 21075V   24322.63905132  .00000157  00000+0  40197-3 0  9999
2 49094  87.8856 105.4743 0001584  95.4165 264.7144 13.12445104158931
ONEWEB-0309
1 49095U 21075W   24322.96132259  .00000039  00000+0  66561-4 0  9991
2 49095  87.9074 120.6501 0001059  86.7594 273.3659 13.17649160158684
ONEWEB-0310
1 49096U 21075X   24322.65365319 -.00000314  00000+0 -90759-3 0  9996
2 49096  87.8865 105.4933 0001402  94.2079 265.9210 13.12439542159560
ONEWEB-0311
1 49097U 21075Y   24322.74026515 -.00000018  00000+0 -78748-4 0  9995
2 49097  87.9077 120.6953 0001606 110.3907 249.7397 13.17648353157712
ONEWEB-0312
1 49098U 21075Z   24322.75544152  .00000060  00000+0  12260-3 0  9990
2 49098  87.9077 120.7239 0001216 107.8790 252.2474 13.17649190157691
ONEWEB-0313
1 49099U 21075AA  24322.76037699  .00000056  00000+0  11008-3 0  9999
2 49099  87.9074 120.7385 0001386 101.8391 258.2895 13.17650609157689
ONEWEB-0314
1 49100U 21075AB  24322.95456389  .00000065  00000+0  13472-3 0  9991
2 49100  87.9068 120.6391 0001294 107.9316 252.1957 13.17645916158670
ONEWEB-0315
1 49101U 21075AC  24322.78018429  .00000465  00000+0  12562-2 0  9994
2 49101  87.8853 105.4384 0001843 107.4362 252.6968 13.12444593159560
ONEWEB-0316
1 49102U 21075AD  24323.10514356  .00002083  00000+0  52506-2 0  9992
2 49102  87.9100  90.0972 0001705 104.4386 255.6935 13.18674931162297
ONEWEB-0317
1 49103U 21075AE  24322.77368366  .00000553  00000+0  15022-2 0  9995
2 49103  87.8853 105.4517 0001566  77.9839 282.1465 13.12446543159581
ONEWEB-0318
1 49104U 21075AF  24323.10196050 -.00000059  00000+0 -18283-3 0  9999
2 49104  87.9093  90.0872 0001762 108.9258 251.2065 13.18687862162247
ONEWEB-0319
1 49105U 21075AG  24322.74194400  .00000063  00000+0  12961-3 0  9996
2 49105  87.9075 120.7202 0001657 111.4406 248.6903 13.17649310157692
ONEWEB-0323
1 49106U 21075AH  24322.76397208 -.00000013  00000+0 -72039-4 0  9990
2 49106  87.8851 105.4400 0001656 122.5970 237.5319 13.12442478158940
ONEWEB-0329
1 49107U 21075AJ  24322.75039075  .00000033  00000+0  51256-4 0  9993
2 49107  87.9077 120.7228 0001475 100.9971 259.1327 13.17648953157679
ONEWEB-0330
1 49108U 21075AK  24322.75207859  .00000153  00000+0  36002-3 0  9995
2 49108  87.9077 120.7239 0001289  98.4978 261.6300 13.17648764157717
ONEWEB-0292
1 49186U 21083A   24322.80460065 -.00000256  00000+0 -73531-3 0  9990
2 49186  87.8923  74.9063 0001752 106.9041 253.2280 13.13472039156559
ONEWEB-0303
1 49187U 21083B   24323.09880915  .00000008  00000+0 -11341-4 0  9999
2 49187  87.9094  90.0889 0001752 105.6378 254.4947 13.18684986155333
ONEWEB-0306
1 49188U 21083C   24323.08930163 -.00000471  00000+0 -12267-2 0  9991
2 49188  87.9093  90.0768 0001482  94.5343 265.5958 13.18685020155376
ONEWEB-0307
1 49189U 21083D   24323.10375726 -.00000238  00000+0 -68612-3 0  9990
2 49189  87.8928  74.8486 0001347  95.3583 264.7700 13.13471619156598
ONEWEB-0320
1 49190U 21083E   24322.64038408  .00000012  00000+0 -26175-5 0  9992
2 49190  87.9095  90.1927 0001558  99.7827 260.3481 13.18685284153999
ONEWEB-0321
1 49191U 21083F   24323.14629749  .00000187  00000+0  42878-3 0  9991
2 49191  87.9286  29.0369 0001785  92.8391 267.2947 13.20769799162074
ONEWEB-0322
1 49192U 21083G   24323.02363276 -.00000130  00000+0 -39099-3 0  9990
2 49192  87.8929  74.8540 0001553  86.6170 273.5137 13.13471544156575
ONEWEB-0324
1 49193U 21083H   24322.77790516  .00000105  00000+0  23273-3 0  9990
2 49193  87.9095  90.1459 0001407 107.5046 252.6240 13.18688132154034
ONEWEB-0325
1 49194U 21083J   24322.78265137  .00000112  00000+0  25234-3 0  9995
2 49194  87.9093  90.1606 0001635  97.6131 262.5187 13.18685620154044
ONEWEB-0326
1 49195U 21083K   24322.87276152  .00000027  00000+0  34460-4 0  9992
2 49195  87.9091  90.1378 0001888 112.7246 247.4085 13.18684480155329
ONEWEB-0327
1 49196U 21083L   24323.09960060 -.00000031  00000+0 -11155-3 0  9998
2 49196  87.9093  90.1183 0001923 106.9731 253.1611 13.18684100155373
ONEWEB-0328
1 49197U 21083M   24323.01409388  .00000172  00000+0  43493-3 0  9996
2 49197  87.8917  74.8235 0001567 105.0350 255.0953 13.13470949156556
ONEWEB-0331
1 49198U 21083N   24322.63880269 -.00000099  00000+0 -28292-3 0  9995
2 49198  87.9094  90.1793 0001554 111.7160 248.4138 13.18683644154027
ONEWEB-0333
1 49199U 21083P   24322.78080150  .00000239  00000+0  61925-3 0  9997
2 49199  87.8923  74.9130 0001615  98.1194 262.0118 13.13470998155242
ONEWEB-0334
1 49200U 21083Q   24322.97978314 -.00000156  00000+0 -41675-3 0  9999
2 49200  87.9277  29.1019 0002443  78.8306 281.3102 13.20769799162025
ONEWEB-0335
1 49201U 21083R   24322.77601380  .00002758  00000+0  75131-2 0  9995
2 49201  87.8914  74.8995 0001128 133.8180 226.3042 13.13492377155250
ONEWEB-0336
1 49202U 21083S   24323.05059749 -.00000143  00000+0 -42637-3 0  9998
2 49202  87.8923  74.8424 0001816 101.8592 258.2741 13.13470838156589
ONEWEB-0337
1 49203U 21083T   24322.75527345  .00000129  00000+0  31853-3 0  9997
2 49203  87.8921  74.8997 0001552 107.4076 252.7223 13.13469821155245
ONEWEB-0338
1 49204U 21083U   24323.13841166  .00000144  00000+0  32234-3 0  9992
2 49204  87.9286  29.0631 0001861  88.8414 271.2932 13.20769794162071
ONEWEB-0339
1 49205U 21083V   24322.76652390  .00000089  00000+0  20777-3 0  9997
2 49205  87.8923  74.8903 0001526 102.4582 257.6718 13.13470736155222
ONEWEB-0340
1 49206U 21083W   24323.07983694 -.00000030  00000+0 -10779-3 0  9996
2 49206  87.9092  90.0875 0001587 104.4276 255.7033 13.18685846155334
ONEWEB-0341
1 49207U 21083X   24322.78422246  .00000094  00000+0  20542-3 0  9992
2 49207  87.9091  90.1585 0000953 105.0962 255.0276 13.18682364154027
ONEWEB-0342
1 49208U 21083Y   24322.91744625  .00000114  00000+0  24755-3 0  9999
2 49208  87.9277  29.1042 0001832  96.2530 263.8812 13.20773552160712
ONEWEB-0343
1 49209U 21083Z   24322.77948642  .00000060  00000+0  11969-3 0  9992
2 49209  87.9086  90.1576 0000999  83.4499 276.6746 13.18683329154075
ONEWEB-0344
1 49210U 21083AA  24323.03789444 -.00000543  00000+0 -15220-2 0  9998
2 49210  87.8927  74.8572 0001283 114.7389 245.3873 13.13470704156564
ONEWEB-0345
1 49211U 21083AB  24322.75064260  .00000093  00000+0  21852-3 0  9996
2 49211  87.8920  74.8849 0001288 116.3607 243.7654 13.13472117155233
ONEWEB-0346
1 49212U 21083AC  24322.78897162  .00000036  00000+0  57703-4 0  9997
2 49212  87.9091  90.1668 0001801 111.1179 249.0146 13.18687431154014
ONEWEB-0348
1 49213U 21083AD  24322.90799755  .00000198  00000+0  45628-3 0  9992
2 49213  87.9286  29.0929 0001829 121.5351 238.5962 13.20769780160746
ONEWEB-0350
1 49214U 21083AE  24322.76017423  .00000114  00000+0  27836-3 0  9991
2 49214  87.8918  74.8745 0001331 111.8918 248.2352 13.13470457155265
ONEWEB-0351
1 49215U 21083AF  24322.67426061  .00000051  00000+0  94121-4 0  9996
2 49215  87.9281  29.1316 0001675  70.8002 289.3312 13.20770993160675
ONEWEB-0352
1 49216U 21083AG  24322.81730067 -.00000144  00000+0 -42802-3 0  9990
2 49216  87.8924  74.8983 0001352  87.5079 272.6205 13.13471095156660
ONEWEB-0354
1 49217U 21083AH  24322.92692894  .00000042  00000+0  70700-4 0  9992
2 49217  87.9284  29.0719 0001571 108.0787 252.0518 13.20773305160748
ONEWEB-0355
1 49218U 21083AJ  24322.84744963  .00000365  00000+0  96339-3 0  9992
2 49218  87.8926  74.8915 0001449  99.2138 260.9155 13.13473113156546
ONEWEB-0357
1 49219U 21083AK  24322.92375172  .00000042  00000+0  71311-4 0  9990
2 49219  87.9282  29.0858 0001653  95.5553 264.5769 13.20773118160742
ONEWEB-0332
1 49279U 21090A   24322.93088675  .00000075  00000+0  16737-3 0  9990
2 49279  87.9033  44.3125 0001975  92.5876 267.5480 13.14505071151872
ONEWEB-0347
1 49280U 21090B   24322.91429170  .00000167  00000+0  37840-3 0  9999
2 49280  87.9285  29.0905 0002207  93.3458 266.7927 13.20768853154970
ONEWEB-0349
1 49281U 21090C   24322.71858770 -.00000009  00000+0 -55058-4 0  9999
2 49281  87.9289  29.1317 0001972 100.0389 260.0967 13.20771656153739
ONEWEB-0353
1 49282U 21090D   24322.92296238  .00000190  00000+0  47802-3 0  9994
2 49282  87.9032  44.2996 0001963  95.0139 265.1215 13.14500442151874
ONEWEB-0356
1 49283U 21090E   24322.94428182  .00000021  00000+0  20650-4 0  9998
2 49283  87.9287  29.0800 0002694 114.6017 245.5398 13.20769898153760
ONEWEB-0358
1 49284U 21090F   24322.89851110  .00000101  00000+0  21685-3 0  9991
2 49284  87.9288  29.0771 0001893 108.9916 251.1422 13.20769707155776
ONEWEB-0359
1 49285U 21090G   24322.66808415  .00000086  00000+0  17926-3 0  9992
2 49285  87.9285  29.1383 0001471 110.2185 249.9106 13.20771343154435
ONEWEB-0360
1 49286U 21090H   24322.88587584  .00000026  00000+0  32872-4 0  9990
2 49286  87.9288  29.1006 0001671 103.8666 256.2653 13.20773327153773
ONEWEB-0361
1 49287U 21090J   24322.94270387  .00000022  00000+0  22532-4 0  9996
2 49287  87.9286  29.0841 0001996 102.0300 258.1057 13.20771285154236
ONEWEB-0362
1 49288U 21090K   24322.74215123  .00000003  00000+0 -25670-4 0  9998
2 49288  87.9188  59.6147 0001475  96.6481 263.4820 13.19727203150889
ONEWEB-0363
1 49289U 21090L   24322.88272050  .00000026  00000+0  32134-4 0  9993
2 49289  87.9286  29.0912 0002191 110.5467 249.5902 13.20768763155065
ONEWEB-0364
1 49290U 21090M   24322.92059427 -.00000352  00000+0 -89646-3 0  9994
2 49290  87.9286  29.1107 0001998 102.0099 258.1259 13.20770332155375
ONEWEB-0365
1 49291U 21090N   24322.75162226  .00000015  00000+0  58013-5 0  9998
2 49291  87.9181  59.5831 0001724  97.5834 262.5495 13.19726710150390
ONEWEB-0366
1 49292U 21090P   24322.76756032  .00000285  00000+0  73394-3 0  9990
2 49292  87.9032  44.3410 0001849 102.0330 258.1007 13.14502887151834
ONEWEB-0367
1 49293U 21090Q   24322.95690438 -.00000016  00000+0 -72127-4 0  9997
2 49293  87.9286  29.0713 0001886  97.1907 262.9441 13.20773117155064
ONEWEB-0368
1 49294U 21090R   24322.93007441  .00000003  00000+0 -24227-4 0  9995
2 49294  87.9286  29.1081 0002692  95.3764 264.7676 13.20768522154918
ONEWEB-0369
1 49295U 21090S   24322.82270387  .00000042  00000+0  72889-4 0  9994
2 49295  87.9191  59.5826 0001783  98.4848 261.6487 13.19724598151685
ONEWEB-0370
1 49296U 21090T   24322.89060959  .00000030  00000+0  42147-4 0  9995
2 49296  87.9285  29.0892 0001442 102.2513 257.8782 13.20768411153793
ONEWEB-0371
1 49297U 21090U   24322.75478634  .00000044  00000+0  76490-4 0  9997
2 49297  87.9188  59.5857 0001634  98.9650 261.1668 13.19726296150422
ONEWEB-0372
1 49298U 21090V   24322.95519517 -.00000002  00000+0 -37738-4 0  9994
2 49298  87.9286  29.0851 0001912  96.6016 263.5335 13.20769988155078
ONEWEB-0373
1 49299U 21090W   24322.90640125  .00000139  00000+0  30883-3 0  9992
2 49299  87.9286  29.1088 0002090 105.8604 254.2759 13.20772115154955
ONEWEB-0374
1 49300U 21090X   24322.98321581  .00000172  00000+0  42852-3 0  9991
2 49300  87.9026  44.2812 0001850 102.9762 257.1575 13.14495693153154
ONEWEB-0375
1 49301U 21090Y   24322.89377562  .00000141  00000+0  31489-3 0  9992
2 49301  87.9286  29.0881 0002255 116.8984 243.2380 13.20772974154451
ONEWEB-0376
1 49302U 21090Z   24322.98065129  .00000046  00000+0  83615-4 0  9999
2 49302  87.9183  59.5392 0001807  92.6084 267.5255 13.19722420151734
ONEWEB-0377
1 49303U 21090AA  24322.65243880 -.00000005  00000+0 -44316-4 0  9998
2 49303  87.9286  29.1284 0001666 107.1633 252.9683 13.20769983154415
ONEWEB-0378
1 49304U 21090AB  24322.90180466  .00000158  00000+0  35553-3 0  9996
2 49304  87.9288  29.0834 0001925 103.4972 256.6376 13.20771429153711
ONEWEB-0379
1 49305U 21090AC  24322.97847493  .00000183  00000+0  46021-3 0  9994
2 49305  87.9026  44.2858 0001819 101.6509 258.4825 13.14502467153160
ONEWEB-0380
1 49306U 21090AD  24322.75004039 -.00000095  00000+0 -26862-3 0  9997
2 49306  87.9192  59.5995 0001734 105.2517 254.8807 13.19729394150398
ONEWEB-0381
1 49307U 21090AE  24322.72489457  .00000027  00000+0  34449-4 0  9990
2 49307  87.9286  29.1212 0001749 106.7271 253.4054 13.20774772153739
ONEWEB-0382
1 49308U 21090AF  24322.93954159  .00000004  00000+0 -20955-4 0  9993
2 49308  87.9284  29.0745 0002258 107.1194 253.0187 13.20768586153754
ONEWEB-0383
1 49309U 21090AG  24322.97210690  .00000049  00000+0  97052-4 0  9993
2 49309  87.9024  44.2720 0002040 102.5021 257.6337 13.14504449153189
ONEWEB-0384
1 49310U 21090AH  24322.93638794  .00000017  00000+0  89045-5 0  9999
2 49310  87.9286  29.0889 0002344 107.6723 252.4666 13.20772100155076
ONEWEB-0385
1 49311U 21090AJ  24323.15891409  .00000118  00000+0  25795-3 0  9991
2 49311  87.9286  29.0456 0001973 102.8653 257.2701 13.20770713155085
ONEWEB-0386
1 49312U 21090AK  24322.72174544 -.00000037  00000+0 -12413-3 0  9993
2 49312  87.9280  29.1170 0002178 105.2561 254.8813 13.20770037153722
ONEWEB-0387
1 49313U 21090AL  24322.93322701  .00000060  00000+0  11486-3 0  9990
2 49313  87.9286  29.1475 0001874 111.8972 248.2360 13.20772270153756
ONEWEB-0388
1 49314U 21090AM  24322.74531361 -.00000012  00000+0 -62721-4 0  9992
2 49314  87.9188  59.6044 0001861 103.5489 256.5851 13.19725987150389
ONEWEB-0389
1 50469U 21132A   24322.91912114  .00000010  00000+0 -68158-5 0  9998
2 50469  87.9078 120.6688 0001633 107.2063 252.9247 13.17644897143489
ONEWEB-0390
1 50470U 21132B   24322.76894831  .00000076  00000+0  16130-3 0  9990
2 50470  87.9078 120.7059 0001266  96.7101 263.4175 13.17648382142176
ONEWEB-0391
1 50471U 21132C   24322.77061724 -.00000003  00000+0 -41599-4 0  9999
2 50471  87.9087 120.7013 0001587 131.4974 228.6294 13.17646167142172
ONEWEB-0392
1 50472U 21132D   24322.95288810  .00000020  00000+0  19354-4 0  9998
2 50472  87.9069 120.6434 0001635 112.8413 247.2891 13.17649224143521
ONEWEB-0393
1 50473U 21132E   24323.15382570 -.00000035  00000+0 -12448-3 0  9994
2 50473  87.9083 120.5952 0001607 101.9525 258.1786 13.17648479143541
ONEWEB-0394
1 50474U 21132F   24322.73996001  .00000120  00000+0  27119-3 0  9992
2 50474  87.9091  90.1533 0001682 103.4547 256.6773 13.18683454145625
ONEWEB-0395
1 50475U 21132G   24322.82123387 -.00000486  00000+0 -14077-2 0  9997
2 50475  87.8881 135.9253 0001343 101.4059 258.7220 13.11416086140172
ONEWEB-0396
1 50476U 21132H   24322.73364926  .00000041  00000+0  71366-4 0  9995
2 50476  87.9095  90.1588 0001764 104.1030 256.0298 13.18685214145663
ONEWEB-0397
1 50477U 21132J   24322.59611039  .00000037  00000+0  61358-4 0  9995
2 50477  87.9096  90.1878 0001882 100.8024 259.3320 13.18689339145624
ONEWEB-0398
1 50478U 21132K   24322.78901477  .00000551  00000+0  15201-2 0  9990
2 50478  87.8875 135.9050 0001116  90.1761 269.9495 13.11418241140066
ONEWEB-0399
1 50479U 21132L   24322.92802264  .00003805  00000+0  10690-1 0  9992
2 50479  87.8861 135.8994 0002082 105.0177 255.1182 13.11446501141351
ONEWEB-0400
1 50480U 21132M   24322.87907188  .00000067  00000+0  13830-3 0  9997
2 50480  87.9089  90.1290 0001387  98.6307 261.4982 13.18687705146934
ONEWEB-0401
1 50481U 21132N   24323.07350887  .00001834  00000+0  46187-2 0  9992
2 50481  87.9090  90.0861 0001881  97.5900 262.5445 13.18688863146961
ONEWEB-0402
1 50482U 21132P   24322.73522298  .00000023  00000+0  25666-4 0  9992
2 50482  87.9090  90.1502 0002263  92.7924 267.3467 13.18683419145668
ONEWEB-0403
1 50483U 21132Q   24322.75894477  .00000053  00000+0  10084-3 0  9996
2 50483  87.9092  90.1561 0001661 104.1539 255.9778 13.18685483145624
ONEWEB-0404
1 50484U 21132R   24322.75679580 -.00000589  00000+0 -16984-2 0  9993
2 50484  87.8888 135.9153 0001553 105.7388 254.3911 13.11418145140147
ONEWEB-0405
1 50485U 21132S   24322.77475695  .00000062  00000+0  12393-3 0  9992
2 50485  87.9089  90.1425 0001999  98.5222 261.6137 13.18685951146028
ONEWEB-0406
1 50486U 21132T   24322.76366788  .00000034  00000+0  54681-4 0  9990
2 50486  87.9098  90.1602 0001332 123.8094 236.3165 13.18688274145655
ONEWEB-0407
1 50487U 21132U   24322.75734068 -.00000028  00000+0 -10304-3 0  9998
2 50487  87.9095  90.1561 0001828 100.7193 259.4145 13.18689560145597
ONEWEB-0409
1 50488U 21132V   24322.75510016 -.00000424  00000+0 -12316-2 0  9998
2 50488  87.8878 135.8988 0001324 103.9621 256.1654 13.11419095140038
ONEWEB-0412
1 50489U 21132W   24322.59454110  .00000023  00000+0  26574-4 0  9999
2 50489  87.9095  90.1955 0002116  95.6720 264.4653 13.18687849145661
ONEWEB-0413
1 50490U 21132X   24322.75102890  .00000027  00000+0  36036-4 0  9992
2 50490  87.9094  90.1765 0001935  92.8277 267.3076 13.18687567145629
ONEWEB-0414
1 50491U 21132Y   24322.73680607  .00000027  00000+0  36456-4 0  9994
2 50491  87.9090  90.1519 0001910 101.6731 258.4616 13.18687931145659
ONEWEB-0417
1 50492U 21132Z   24322.74470819 -.00000008  00000+0 -53773-4 0  9990
2 50492  87.9097  90.1638 0001616 107.6003 252.5306 13.18682176145635
ONEWEB-0418
1 50493U 21132AA  24322.75404982  .00000194  00000+0  45891-3 0  9995
2 50493  87.9092  90.1592 0001643 116.5734 243.5566 13.18683080145699
ONEWEB-0419
1 50494U 21132AB  24322.77159132  .00000032  00000+0  49013-4 0  9994
2 50494  87.9084  90.1666 0001326 107.7545 252.3732 13.18685917145619
ONEWEB-0420
1 50495U 21132AC  24322.73839454 -.00000016  00000+0 -74282-4 0  9993
2 50495  87.9088  90.1828 0001706  89.5959 270.5368 13.18685035145609
ONEWEB-0421
1 50496U 21132AD  24322.73207285 -.00000149  00000+0 -41052-3 0  9990
2 50496  87.9094  90.1616 0001970 101.0962 259.0392 13.18684423145642
ONEWEB-0424
1 50497U 21132AE  24323.14621959 -.00000053  00000+0 -16739-3 0  9993
2 50497  87.9093  90.0776 0001122 102.9727 257.1531 13.18688167147001
ONEWEB-0426
1 50498U 21132AF  24322.88065623  .00000028  00000+0  39348-4 0  9996
2 50498  87.9087  90.1418 0002061 115.9326 244.2019 13.18684317146922
ONEWEB-0427
1 50499U 21132AG  24322.76525814  .00000099  00000+0  21953-3 0  9997
2 50499  87.9089  90.1441 0001554 108.6965 251.4336 13.18688667145647
ONEWEB-0429
1 50500U 21132AH  24323.13198912 -.00000090  00000+0 -26076-3 0  9991
2 50500  87.9096  90.0865 0001682  92.6749 267.4576 13.18687111146952
ONEWEB-0430
1 50501U 21132AJ  24322.74156483  .00000024  00000+0  26858-4 0  9999
2 50501  87.9091  90.1637 0001309  91.9311 268.1971 13.18685370145657
ONEWEB-0432
1 50502U 21132AK  24322.77316803  .00000121  00000+0  27516-3 0  9996
2 50502  87.9089  90.1484 0001120 139.9649 220.1566 13.18685705145619
ONEWEB-0440
1 50503U 21132AL  24322.76052472  .00000045  00000+0  81502-4 0  9996
2 50503  87.9096  90.1445 0002076  93.2649 266.8720 13.18684960145608
ONEWEB-0450
1 50504U 21132AM  24322.75434117  .00000148  00000+0  34231-3 0  9996
2 50504  87.9097  90.1744 0001567  85.4925 274.6386 13.18686629145638
ONEWEB-0410
1 51622U 22012A   24322.93769865 -.00000006  00000+0 -49709-4 0  9999
2 51622  87.9071 120.6415 0002392 131.7138 228.4199 13.17648286139104
ONEWEB-0411
1 51623U 22012B   24322.81932478  .00000533  00000+0  14907-2 0  9992
2 51623  87.8896 151.0327 0001021  67.1293 292.9942 13.10374760133800
ONEWEB-0415
1 51624U 22012C   24322.89235148  .00000435  00000+0  12107-2 0  9992
2 51624  87.8892 151.0331 0001227  81.5948 278.5318 13.10374968135097
ONEWEB-0416
1 51625U 22012D   24322.90398341  .00000626  00000+0  17574-2 0  9995
2 51625  87.8896 151.0347 0001432  87.0027 273.1264 13.10373035135147
ONEWEB-0422
1 51626U 22012E   24322.79593657  .00000035  00000+0  56247-4 0  9996
2 51626  87.9076 120.6730 0002013  71.5548 288.5802 13.17651221137906
ONEWEB-0423
1 51627U 22012F   24322.94107148  .00000050  00000+0  94951-4 0  9991
2 51627  87.9077 120.6473 0001703  92.4098 267.7228 13.17648230139100
ONEWEB-0425
1 51628U 22012G   24322.76125629  .00000513  00000+0  14338-2 0  9999
2 51628  87.8888 151.0413 0001740  97.9822 262.1502 13.10371371133838
ONEWEB-0428
1 51629U 22012H   24322.81765678  .00000472  00000+0  13151-2 0  9996
2 51629  87.8897 151.0479 0001495  76.3589 283.7704 13.10379174133808
ONEWEB-0431
1 51630U 22012J   24322.78761860 -.00000594  00000+0 -17379-2 0  9996
2 51630  87.8888 151.0409 0001293  61.5465 298.5792 13.10370869133856
ONEWEB-0434
1 51631U 22012K   24322.84090204  .00000320  00000+0  88160-3 0  9993
2 51631  87.8888 151.0553 0001680  84.4001 275.7318 13.10369518133846
ONEWEB-0435
1 51632U 22012L   24322.77283216 -.00000174  00000+0 -53461-3 0  9998
2 51632  87.8893 151.0608 0001788  73.4301 286.7023 13.10369261133822
ONEWEB-0436
1 51633U 22012M   24322.93262836  .00000003  00000+0 -24510-4 0  9996
2 51633  87.9071 120.6469 0001517  83.6410 276.4894 13.17648561139089
ONEWEB-0438
1 51634U 22012N   24322.60351263  .00000624  00000+0  17524-2 0  9997
2 51634  87.8892 151.0947 0001582  94.7814 265.3494 13.10374050133834
ONEWEB-0439
1 51635U 22012P   24322.83594991  .00000588  00000+0  16471-2 0  9999
2 51635  87.8892 151.0347 0001585  85.7497 274.3812 13.10371045133845
ONEWEB-0442
1 51636U 22012Q   24322.77317198 -.00000022  00000+0 -90138-4 0  9994
2 51636  87.9079 120.7189 0001546 119.1556 240.9730 13.17648226137764
ONEWEB-0443
1 51637U 22012R   24322.94444351  .00000038  00000+0  65806-4 0  9995
2 51637  87.9077 120.6953 0001915  97.4700 262.6649 13.17648481139125
ONEWEB-0444
1 51638U 22012S   24322.82596652  .00000714  00000+0  20082-2 0  9991
2 51638  87.8889 151.0507 0001699  82.9405 277.1915 13.10373599133858
ONEWEB-0445
1 51639U 22012T   24322.77117180 -.00000101  00000+0 -32576-3 0  9995
2 51639  87.8881 151.0266 0001351  92.9681 267.1601 13.10368247133850
ONEWEB-0446
1 51640U 22012U   24322.82430728  .00000657  00000+0  18448-2 0  9994
2 51640  87.8895 151.0543 0001272  90.1393 269.9880 13.10373674133845
ONEWEB-0448
1 51641U 22012V   24322.82928796  .00000698  00000+0  19634-2 0  9995
2 51641  87.8894 151.0536 0001667  84.0424 276.0894 13.10372321133811
ONEWEB-0449
1 51642U 22012W   24322.75790792  .00000563  00000+0  15756-2 0  9993
2 51642  87.8887 151.0543 0001655  96.9869 263.1446 13.10371125133815
ONEWEB-0451
1 51643U 22012X   24323.15706777  .00000030  00000+0  43983-4 0  9993
2 51643  87.9069 120.5965 0001663  93.6398 266.4923 13.17649755139106
ONEWEB-0452
1 51644U 22012Y   24322.92758665  .00010065  00000+0  25880-1 0  9993
2 51644  87.9076 120.6915 0002232 101.4749 258.6634 13.17601577139081
ONEWEB-0456
1 51646U 22012AA  24322.76786005  .00000123  00000+0  31536-3 0  9997
2 51646  87.8880 151.0191 0001519  78.9800 281.1498 13.10371452133859
ONEWEB-0457
1 51647U 22012AB  24322.59191327  .00000646  00000+0  18128-2 0  9997
2 51647  87.8896 151.0898 0001448  95.6135 264.5157 13.10374746133833
ONEWEB-0458
1 51648U 22012AC  24322.76620176  .00000197  00000+0  52788-3 0  9998
2 51648  87.8873 151.0685 0001655  87.3636 272.7681 13.10368845133811
ONEWEB-0461
1 51649U 22012AD  24322.79761237 -.00002373  00000+0 -61461-2 0  9993
2 51649  87.9071 120.6788 0001632  96.3913 263.7405 13.17653750137987
ONEWEB-0463
1 51650U 22012AE  24323.15875563  .00000016  00000+0  74541-5 0  9990
2 51650  87.9078 120.6603 0001663  96.0226 264.1095 13.17648687139110
ONEWEB-0464
1 51651U 22012AF  24322.61016890  .00000329  00000+0  90748-3 0  9993
2 51651  87.8892 151.0925 0001639  73.7336 286.3971 13.10369934135119
ONEWEB-0468
1 51652U 22012AG  24322.76951756  .00000001  00000+0 -34012-4 0  9990
2 51652  87.8893 151.0532 0001509  85.1561 274.9739 13.10368504133810
ONEWEB-0473
1 51653U 22012AH  24322.60187289  .00000702  00000+0  19735-2 0  9996
2 51653  87.8894 151.0898 0001665  85.7788 274.3529 13.10370525133791
ONEWEB-0474
1 51654U 22012AJ  24322.82264675  .00000690  00000+0  19392-2 0  9991
2 51654  87.8886 151.0288 0001743  80.6808 279.4516 13.10374541133817
ONEWEB-0475
1 51655U 22012AK  24322.71494796 -.00000104  00000+0 -30025-3 0  9998
2 51655  87.9077 120.7284 0002404  86.2872 273.8535 13.17649593137775
ONEWEB-0490
1 54113U 22138A   24322.77532447  .00000049  00000+0  89617-4 0  9999
2 54113  87.9184  59.5800 0001765  96.3356 263.7978 13.19722998100803
ONEWEB-0492
1 54114U 22138B   24323.10385669  .00000043  00000+0  75684-4 0  9993
2 54114  87.9188  59.5261 0001588  95.5189 264.6125 13.19722312101723
ONEWEB-0495
1 54115U 22138C   24322.77847451  .00000096  00000+0  20622-3 0  9997
2 54115  87.9189  59.6022 0002097  79.5689 280.5680 13.19721994100798
ONEWEB-0497
1 54116U 22138D   24322.71528967  .00000044  00000+0  77711-4 0  9995
2 54116  87.9183  59.5963 0001718  97.8855 262.2473 13.19727947100772
ONEWEB-0499
1 54117U 22138E   24322.77373915  .00000041  00000+0  69721-4 0  9992
2 54117  87.9190  59.5928 0002223 101.1000 259.0382 13.19726890100796
ONEWEB-0500
1 54118U 22138F   24323.00435063  .00000103  00000+0  22533-3 0  9991
2 54118  87.9186  59.5381 0001654 100.7666 259.3653 13.19726821101705
ONEWEB-0501
1 54119U 22138G   24322.73109616  .00000018  00000+0  11629-4 0  9993
2 54119  87.9186  59.5890 0002019  88.5904 271.5460 13.19726847100771
ONEWEB-0502
1 54120U 22138H   24322.71687914  .00000051  00000+0  95767-4 0  9997
2 54120  87.9182  59.5788 0002021  94.3718 265.7645 13.19722468100793
ONEWEB-0503
1 54121U 22138J   24323.00909601  .00000002  00000+0 -28300-4 0  9997
2 54121  87.9183  59.5265 0002084 107.7920 252.3441 13.19723787101699
ONEWEB-0504
1 54122U 22138K   24322.76899243 -.00000302  00000+0 -78757-3 0  9994
2 54122  87.9184  59.5839 0002064  97.0532 263.0836 13.19725195100800
ONEWEB-0505
1 54123U 22138L   24322.76583534  .00000067  00000+0  13450-3 0  9993
2 54123  87.9183  59.5773 0002242  87.4061 272.7329 13.19728801100783
ONEWEB-0506
1 54124U 22138M   24322.96801728 -.00000140  00000+0 -38163-3 0  9996
2 54124  87.9187  59.5341 0001877  94.3616 265.7731 13.19722812101679
ONEWEB-0507
1 54125U 22138N   24322.76109783 -.00000386  00000+0 -99703-3 0  9996
2 54125  87.9190  59.6094 0001780  92.9834 267.1503 13.19724917100826
ONEWEB-0508
1 54126U 22138P   24322.75793792 -.00000268  00000+0 -70078-3 0  9998
2 54126  87.9187  59.5990 0001782  86.1474 273.9862 13.19725142100806
ONEWEB-0509
1 54127U 22138Q   24323.11176354 -.00000064  00000+0 -19229-3 0  9994
2 54127  87.9183  59.5054 0001829  97.5625 262.5715 13.19725084101694
ONEWEB-0510
1 54128U 22138R   24322.69806636  .00000108  00000+0  23467-3 0  9996
2 54128  87.9285  29.1211 0001509 103.7354 256.3948 13.20773432103187
ONEWEB-0511
1 54129U 22138S   24322.72951134  .00000043  00000+0  75132-4 0  9990
2 54129  87.9182  59.5856 0002094 104.9849 255.1516 13.19727729100808
ONEWEB-0512
1 54130U 22138T   24322.72160349  .00000003  00000+0 -24007-4 0  9994
2 54130  87.9189  59.6151 0002102  91.9209 268.2165 13.19729171100775
ONEWEB-0513
1 54131U 22138U   24322.76821586  .00000070  00000+0  14267-3 0  9995
2 54131  87.9190  59.5966 0002216  93.8053 266.3334 13.19725784100666
ONEWEB-0514
1 54132U 22138V   24322.73740273  .00000054  00000+0  10136-3 0  9999
2 54132  87.9186  59.5926 0001760 103.4334 256.6995 13.19728369100792
ONEWEB-0515
1 54133U 22138W   24323.13998767  .00000172  00000+0  39019-3 0  9990
2 54133  87.9286  29.0115 0000870 117.5737 242.5485 13.20771671104136
ONEWEB-0516
1 54134U 22138X   24322.78795643  .00000033  00000+0  50519-4 0  9994
2 54134  87.9191  59.6038 0001699  98.7173 261.4152 13.19722487100809
ONEWEB-0517
1 54135U 22138Y   24322.76742116  .00000118  00000+0  26297-3 0  9999
2 54135  87.9184  59.5820 0002129 106.8515 253.2852 13.19722407100808
ONEWEB-0518
1 54136U 22138Z   24322.78636573  .00000071  00000+0  14389-3 0  9998
2 54136  87.9190  59.6012 0001839 102.3043 257.8295 13.19728323100808
ONEWEB-0519
1 54137U 22138AA  24323.03909804 -.00000045  00000+0 -14450-3 0  9990
2 54137  87.9185  59.5226 0002044 104.9959 255.1400 13.19721545101711
ONEWEB-0520
1 54138U 22138AB  24322.77058554  .00000120  00000+0  26627-3 0  9999
2 54138  87.9185  59.5793 0001916  88.5863 271.5489 13.19722972100790
ONEWEB-0521
1 54139U 22138AC  24323.10701870 -.00000043  00000+0 -13929-3 0  9991
2 54139  87.9182  59.5029 0001886 109.0165 251.1172 13.19722039101686
ONEWEB-0522
1 54140U 22138AD  24322.78320714 -.00000349  00000+0 -90324-3 0  9993
2 54140  87.9181  59.5689 0001671  97.9381 262.1942 13.19724693100781
ONEWEB-0523
1 54141U 22138AE  24323.12737027  .00000166  00000+0  37702-3 0  9998
2 54141  87.9286  29.0431 0001534 133.1682 226.9580 13.20772978104130
ONEWEB-0524
1 54142U 22138AF  24322.88903664  .00000051  00000+0  93993-4 0  9991
2 54142  87.9287  29.0934 0000801  91.3710 268.7515 13.20772735103236
ONEWEB-0525
1 54143U 22138AG  24322.72634568  .00000007  00000+0 -15231-4 0  9990
2 54143  87.9184  59.5933 0001904  94.2665 265.8685 13.19728284100798
ONEWEB-0526
1 54144U 22138AH  24322.98696803 -.00000421  00000+0 -10829-2 0  9996
2 54144  87.9182  59.5338 0001724  96.8632 263.2696 13.19724677101672
ONEWEB-0529
1 54145U 22138AJ  24322.83849288 -.00000129  00000+0 -35507-3 0  9994
2 54145  87.9191  59.5898 0001861  91.4134 268.7212 13.19723752101671
ONEWEB-0531
1 54146U 22138AK  24322.72331374  .00000008  00000+0 -11413-4 0  9991
2 54146  87.9288  29.1185 0001184 133.4123 226.7109 13.20768292103215
ONEWEB-0535
1 54147U 22138AL  24322.72002141  .00000056  00000+0  10726-3 0  9996
2 54147  87.9181  59.5843 0001561 109.6399 250.4903 13.19728172100804
ONEWEB-0536
1 54148U 22138AM  24322.93796391 -.00000016  00000+0 -72079-4 0  9995
2 54148  87.9285  29.1234 0001785 132.0500 228.0786 13.20772104104102
ONEWEB-0527
1 54642U 22166A   24322.89463693  .00000034  00000+0  49919-4 0  9991
2 54642  87.9318 358.7974 0001785  92.9602 267.1737 13.21824957 95404
ONEWEB-0528
1 54643U 22166B   24322.90095650  .00006874  00000+0  16609-1 0  9993
2 54643  87.9320 358.7882 0001842  95.7124 264.4220 13.21792644 95864
ONEWEB-0539
1 54644U 22166C   24322.63442924 -.00000003  00000+0 -38108-4 0  9995
2 54644  87.9323 358.8454 0002062  96.8545 263.2823 13.21825386 95370
ONEWEB-0540
1 54645U 22166D   24322.62891152  .00000018  00000+0  11951-4 0  9997
2 54645  87.9318 358.8561 0002084  97.4603 262.6767 13.21825902 95363
ONEWEB-0542
1 54646U 22166E   24322.87098404  .00000007  00000+0 -14618-4 0  9996
2 54646  87.9323 358.7973 0002225 105.2718 254.8662 13.21825019 95409
ONEWEB-0545
1 54647U 22166F   24322.91355950  .00000029  00000+0  38008-4 0  9996
2 54647  87.9310 358.7945 0002393  98.1433 261.9973 13.21826287 95373
ONEWEB-0580
1 54648U 22166G   24322.88673711  .00000047  00000+0  81581-4 0  9995
2 54648  87.9318 358.7802 0002176 105.5937 254.5437 13.21822528 95417
ONEWEB-0582
1 54649U 22166H   24322.85362724  .00000026  00000+0  32475-4 0  9997
2 54649  87.9316 358.8190 0002317 109.4082 250.7302 13.21822093 95380
ONEWEB-0583
1 54650U 22166J   24322.86465820  .00000045  00000+0  78470-4 0  9997
2 54650  87.9314 358.8147 0001960  95.9015 264.2342 13.21827651 95390
ONEWEB-0584
1 54651U 22166K   24322.88515842  .00000033  00000+0  49111-4 0  9997
2 54651  87.9319 358.7843 0002131 108.0227 252.1139 13.21828217 95388
ONEWEB-0585
1 54652U 22166L   24322.83469030  .00000037  00000+0  58647-4 0  9998
2 54652  87.9309 358.8034 0001759  94.6843 265.4492 13.21825939 95387
ONEWEB-0586
1 54653U 22166M   24322.84732770 -.00000040  00000+0 -12717-3 0  9997
2 54653  87.9316 358.8091 0002095  99.4123 260.7248 13.21826526 95387
ONEWEB-0587
1 54654U 22166N   24322.85677620 -.00000005  00000+0 -43548-4 0  9999
2 54654  87.9313 358.7600 0001732  90.8605 269.2728 13.21822540 95544
ONEWEB-0589
1 54655U 22166P   24322.84416744  .00000007  00000+0 -15295-4 0  9996
2 54655  87.9319 358.7987 0002562 111.9990 248.1416 13.21822685 95408
ONEWEB-0590
1 54656U 22166Q   24322.86780830 -.00000024  00000+0 -90286-4 0  9992
2 54656  87.9305 358.8028 0001774 100.3462 259.7872 13.21827837 95397
ONEWEB-0591
1 54657U 22166R   24322.88044195  .00000036  00000+0  54879-4 0  9991
2 54657  87.9315 358.7937 0001915 100.4733 259.6616 13.21826538 95422
ONEWEB-0592
1 54658U 22166S   24323.11068060  .00000067  00000+0  13194-3 0  9994
2 54658  87.9312 358.7079 0001865 100.8178 259.3166 13.21825519 95805
ONEWEB-0593
1 54659U 22166T   24322.60446236  .00000007  00000+0 -13728-4 0  9992
2 54659  87.9317 358.8393 0002038 102.1370 257.9992 13.21826602 95370
ONEWEB-0594
1 54660U 22166U   24322.92615764  .00000045  00000+0  78078-4 0  9993
2 54660  87.9322 358.7805 0001914  93.9767 266.1586 13.21828181 95896
ONEWEB-0595
1 54661U 22166V   24322.82838576 -.00000361  00000+0 -90588-3 0  9993
2 54661  87.9319 358.7834 0001713  93.0917 267.0413 13.21825332 95399
ONEWEB-0596
1 54662U 22166W   24322.65020066  .00000014  00000+0  19954-5 0  9995
2 54662  87.9319 358.8274 0001880 104.9369 255.1973 13.21824786 95376
ONEWEB-0597
1 54663U 22166X   24322.85834809 -.00000330  00000+0 -83105-3 0  9996
2 54663  87.9321 358.7883 0002055 100.1111 260.0255 13.21824373 95407
ONEWEB-0600
1 54664U 22166Y   24322.84099887 -.00000246  00000+0 -62641-3 0  9993
2 54664  87.9315 358.8234 0002023  97.5942 262.5422 13.21824082 95374
ONEWEB-0601
1 54665U 22166Z   24322.90881150 -.00000412  00000+0 -10287-2 0  9996
2 54665  87.9323 358.7856 0002098 107.7970 252.3392 13.21825372 96030
ONEWEB-0602
1 54666U 22166AA  24322.64703781 -.00000024  00000+0 -90099-4 0  9991
2 54666  87.9323 358.8401 0002153 101.0685 259.0691 13.21824016 95387
ONEWEB-0603
1 54667U 22166AB  24322.87886683 -.00000007  00000+0 -48976-4 0  9998
2 54667  87.9296 358.7911 0002150 103.2289 256.9085 13.21824362 95346
ONEWEB-0604
1 54668U 22166AC  24322.63914825 -.00000026  00000+0 -93775-4 0  9991
2 54668  87.9317 358.8144 0002177  96.7692 263.3689 13.21822842 95278
ONEWEB-0605
1 54669U 22166AD  24322.85992743 -.00000047  00000+0 -14539-3 0  9994
2 54669  87.9316 358.8024 0001917 117.7229 242.4099 13.21826912 95844
ONEWEB-0606
1 54670U 22166AE  24322.80631216  .00000090  00000+0  18543-3 0  9991
2 54670  87.9318 358.8119 0001716  91.9190 268.2140 13.21828172 95427
ONEWEB-0607
1 54671U 22166AF  24322.92458274 -.00000390  00000+0 -97607-3 0  9999
2 54671  87.9317 358.7609 0002114 100.0342 260.1031 13.21825301 95874
ONEWEB-0608
1 54672U 22166AG  24322.93088832 -.00000045  00000+0 -14032-3 0  9998
2 54672  87.9301 358.7852 0002205 107.7923 252.3451 13.21827627 95421
ONEWEB-0610
1 54673U 22166AH  24322.83628158  .00000091  00000+0  18809-3 0  9994
2 54673  87.9319 358.7961 0002127 109.7993 250.3371 13.21826161 95313
ONEWEB-0611
1 54674U 22166AJ  24322.82997780 -.00000002  00000+0 -35264-4 0  9993
2 54674  87.9320 358.7953 0001831  85.5833 274.5510 13.21824702 95303
ONEWEB-0612
1 54675U 22166AK  24322.84258612  .00000071  00000+0  14152-3 0  9996
2 54675  87.9318 358.7736 0002008 101.6557 258.4802 13.21828144 95297
ONEWEB-0615
1 54676U 22166AL  24322.82365528 -.00000021  00000+0 -82012-4 0  9998
2 54676  87.9308 358.8023 0002204  97.0776 263.0608 13.21827825 95309
ONEWEB-0655
1 54677U 22166AM  24322.87253824 -.00000013  00000+0 -64174-4 0  9999
2 54677  87.9318 358.7961 0002325  94.8321 265.3078 13.21830346 95304
ONEWEB-0659
1 54678U 22166AN  24322.88990409  .00000068  00000+0  13433-3 0  9997
2 54678  87.9315 358.7971 0001706  95.2460 264.8868 13.21825311 95390
ONEWEB-0685
1 54679U 22166AP  24322.89146834  .00000059  00000+0  11056-3 0  9993
2 54679  87.9315 358.7882 0002116  96.8836 263.2538 13.21828408 95287
ONEWEB-0712
1 54680U 22166AQ  24322.77508090  .00000026  00000+0  35138-4 0  9990
2 54680  87.9091 343.6034 0002376  83.4246 276.7155 13.16593139 96219
ONEWEB-0714
1 54681U 22166AR  24322.82207929 -.00000348  00000+0 -87449-3 0  9994
2 54681  87.9315 358.7906 0002141  98.2758 261.8619 13.21824848 95394
ONEWEB-0532
1 55140U 23004A   24322.75373973  .00000090  00000+0  19914-3 0  9996
2 55140  87.9076 120.6922 0001439 114.0236 246.1046 13.17645499 91675
ONEWEB-0533
1 55141U 23004B   24322.64703021 -.00000099  00000+0 -30997-3 0  9991
2 55141  87.8867 105.4570 0001657  97.7314 262.4002 13.12444110 92439
ONEWEB-0541
1 55142U 23004C   24322.76018699 -.00000182  00000+0 -55037-3 0  9990
2 55142  87.8883 135.8981 0001506  91.0612 269.0689 13.11418943 90393
ONEWEB-0543
1 55143U 23004D   24322.65461353  .00000046  00000+0  83039-4 0  9999
2 55143  87.9087  90.2620 0001883  90.8261 269.3087 13.18690400 93711
ONEWEB-0544
1 55144U 23004E   24322.87591269  .00000035  00000+0  55216-4 0  9998
2 55144  87.9087  90.2046 0001528  93.5230 266.6077 13.18682870 93740
ONEWEB-0560
1 55145U 23004F   24322.71782980 -.00000007  00000+0 -49818-4 0  9996
2 55145  87.9093  90.1962 0001504  86.6723 273.4581 13.18688544 93737
ONEWEB-0565
1 55146U 23004G   24322.78738574  .00000069  00000+0  14328-3 0  9997
2 55146  87.9088  90.2530 0001001  99.3106 260.8140 13.18687643 93732
ONEWEB-0567
1 55147U 23004H   24322.78105358 -.00000363  00000+0 -95307-3 0  9991
2 55147  87.9090  90.2088 0001218  87.5079 272.6193 13.18685272 93737
ONEWEB-0569
1 55148U 23004J   24322.72366471 -.00000172  00000+0 -50668-3 0  9990
2 55148  87.8923  74.8624 0001154  59.8779 300.2464 13.13471956 94506
ONEWEB-0570
1 55149U 23004K   24323.07192228  .00000063  00000+0  12803-3 0  9993
2 55149  87.9092  90.1507 0001337 127.3976 232.7277 13.18688879 93766
ONEWEB-0571
1 55150U 23004L   24322.76209715  .00000135  00000+0  30929-3 0  9999
2 55150  87.9098  90.2199 0000637  84.2463 275.8741 13.18684515 93730
ONEWEB-0572
1 55151U 23004M   24323.16381529 -.00000021  00000+0 -87829-4 0  9997
2 55151  87.9075 120.6177 0001326  97.2833 262.8449 13.17648125 91624
ONEWEB-0573
1 55152U 23004N   24323.13517137  .00001299  00000+0  32608-2 0  9990
2 55152  87.9091  90.1591 0000776 115.7432 244.3780 13.18679597 93772
ONEWEB-0588
1 55153U 23004P   24322.74944230 -.00000377  00000+0 -98955-3 0  9991
2 55153  87.9095  90.2103 0001325 116.6454 243.4814 13.18683828 93727
ONEWEB-0598
1 55154U 23004Q   24322.81444451 -.00000337  00000+0 -98692-3 0  9994
2 55154  87.8881 135.9260 0001063  67.5240 292.6000 13.11413108 90351
ONEWEB-0599
1 55155U 23004R   24322.51751054  .00000054  00000+0  10575-3 0  9990
2 55155  87.9082 120.7392 0001565  86.5033 273.6277 13.17648299 91546
ONEWEB-0614
1 55156U 23004S   24322.73306870 -.00000226  00000+0 -67243-3 0  9994
2 55156  87.8883 135.9482 0001622 104.0800 256.0508 13.11413471 90283
ONEWEB-0616
1 55157U 23004T   24322.78748975  .00000006  00000+0 -18141-4 0  9995
2 55157  87.9079 120.6866 0002455  71.3830 288.7568 13.17651299 91796
ONEWEB-0617
1 55158U 23004U   24322.72120756  .00000299  00000+0  80740-3 0  9997
2 55158  87.8877 135.9396 0001366 105.3317 254.7962 13.11416056 90308
ONEWEB-0618
1 55159U 23004V   24322.73958226  .00000846  00000+0  33694-3 0  9994
2 55159  86.9105  38.8360 0014605 140.0464 220.1806 14.27455507 97240
ONEWEB-0619
1 55160U 23004W   24322.43988812  .00000083  00000+0  18115-3 0  9991
2 55160  87.9076 120.7328 0002087 101.0780 259.0586 13.17648362 91649
ONEWEB-0620
1 55161U 23004X   24322.79241263  .00000413  00000+0  11282-2 0  9997
2 55161  87.8881 135.9397 0001110 102.5876 257.5376 13.11417329 90285
ONEWEB-0621
1 55162U 23004Y   24322.74323136 -.00000517  00000+0 -14953-2 0  9998
2 55162  87.8878 135.9138 0001741  95.8439 264.2887 13.11418315 90259
ONEWEB-0622
1 55163U 23004Z   24322.74831595 -.00000689  00000+0 -19803-2 0  9991
2 55163  87.8881 135.9314 0001375 125.3930 234.7327 13.11417604 90248
ONEWEB-0623
1 55164U 23004AA  24322.73857709  .00000078  00000+0  16798-3 0  9997
2 55164  87.9077 120.7278 0001882 121.4079 238.7236 13.17649087 91671
ONEWEB-0624
1 55165U 23004AB  24322.76559170  .00000322  00000+0  86021-3 0  9990
2 55165  87.8865 105.4419 0001628 102.5247 257.6063 13.12442482 92447
ONEWEB-0625
1 55166U 23004AC  24322.95624464 -.00000047  00000+0 -15315-3 0  9995
2 55166  87.9074 120.6829 0001726  89.4030 270.7300 13.17648592 91698
ONEWEB-0626
1 55167U 23004AD  24322.79426412  .00000049  00000+0  92831-4 0  9990
2 55167  87.9075 120.7146 0001117  86.3863 273.7396 13.17649078 91673
ONEWEB-0627
1 55168U 23004AE  24323.16213337 -.00000054  00000+0 -17236-3 0  9996
2 55168  87.9078 120.6432 0001643 118.2462 241.8836 13.17648552 91725
ONEWEB-0628
1 55169U 23004AF  24322.66988768 -.00000337  00000+0 -97267-3 0  9994
2 55169  87.8862 105.4438 0002006 118.9195 241.2135 13.12444278 92414
ONEWEB-0629
1 55170U 23004AG  24322.75797045  .00000063  00000+0  13032-3 0  9994
2 55170  87.9073 120.6978 0001975  98.2072 261.9283 13.17652020 91678
ONEWEB-0631
1 55171U 23004AH  24322.59137997  .00000129  00000+0  29528-3 0  9991
2 55171  87.9103  90.1558 0001045 110.6168 249.5076 13.18687876 93684
ONEWEB-0709
1 55172U 23004AJ  24322.93483980  .00000513  00000+0  14104-2 0  9996
2 55172  87.8880 135.9135 0000814  52.8935 307.2267 13.11417684 90353
ONEWEB-0710
1 55173U 23004AK  24322.77231988  .00000010  00000+0 -84366-5 0  9991
2 55173  87.9075 120.7184 0001581  98.7616 261.3695 13.17647395 91675
ONEWEB-0711
1 55174U 23004AL  24322.52451144 -.00000533  00000+0 -15384-2 0  9995
2 55174  87.8881 135.9639 0001739 121.0351 239.0948 13.11418895 90255
ONEWEB-0713
1 55175U 23004AM  24322.77206557 -.00000032  00000+0 -12548-3 0  9993
2 55175  87.8882 135.9224 0001546 102.0002 258.1299 13.11418044 90274
ONEWEB-0715
1 55176U 23004AN  24322.76697175 -.00000003  00000+0 -44351-4 0  9999
2 55176  87.8882 135.9235 0001116  90.4491 269.6765 13.11420376 90313
ONEWEB-0716
1 55177U 23004AP  24322.76557426  .00000045  00000+0  82206-4 0  9999
2 55177  87.9078 120.7149 0001766  91.0399 269.0935 13.17649774 91677
ONEWEB-0717
1 55178U 23004AQ  24322.74869515  .00000107  00000+0  24215-3 0  9997
2 55178  87.9076 120.6800 0001483 127.5791 232.5475 13.17648737 91724
ONEWEB-0719
1 55179U 23004AR  24322.75882662  .00000058  00000+0  11607-3 0  9993
2 55179  87.9075 120.6631 0001838  95.5065 264.6276 13.17649602 91679
ONEWEB-0530
1 55796U 23029A   24322.88429761  .00000084  00000+0  17477-3 0  9996
2 55796  87.9287  29.1298 0002153 115.6385 244.4971 13.20773088 85076
ONEWEB-0534
1 55797U 23029B   24322.72017009 -.00000007  00000+0 -49295-4 0  9999
2 55797  87.9288  29.1695 0001939  97.1746 262.9608 13.20768050 85058
ONEWEB-0556
1 55798U 23029C   24322.95375055 -.00000023  00000+0 -87940-4 0  9990
2 55798  87.9287  29.1161 0002740 104.9185 255.2252 13.20771656 85776
ONEWEB-0562
1 55799U 23029D   24322.94112193  .00000013  00000+0  70129-7 0  9993
2 55799  87.9288  29.1102 0002680 117.7956 242.3449 13.20768453 85084
ONEWEB-0563
1 55800U 23029E   24322.93480822 -.00000015  00000+0 -69899-4 0  9995
2 55800  87.9288  29.1261 0002075  91.0935 269.0436 13.20768176 85075
ONEWEB-0564
1 55801U 23029F   24322.92849521  .00000016  00000+0  75072-5 0  9990
2 55801  87.9289  29.1142 0002045 112.2574 247.8776 13.20773302 85086
ONEWEB-0638
1 55802U 23029G   24322.80084950 -.00000187  00000+0 -53835-3 0  9997
2 55802  87.9033  44.3771 0002373 101.0366 259.1031 13.14500523 84388
ONEWEB-0639
1 55803U 23029H   24322.74846358  .00000003  00000+0 -25544-4 0  9992
2 55803  87.9190  59.6046 0002086  65.5711 294.5639 13.19722413 82874
ONEWEB-0640
1 55804U 23029J   24322.73425016 -.00000020  00000+0 -88952-4 0  9998
2 55804  87.9029  44.3829 0002489  92.1758 267.9657 13.14500817 83681
ONEWEB-0641
1 55805U 23029K   24322.97115197 -.00002169  00000+0 -54504-2 0  9991
2 55805  87.9189  59.5384 0001996  94.9170 265.2191 13.19736440 83607
ONEWEB-0642
1 55806U 23029L   24323.11807300  .00000004  00000+0 -22243-4 0  9995
2 55806  87.9195  59.5377 0001667  67.1077 293.0231 13.19722018 83611
ONEWEB-0643
1 55807U 23029M   24322.93246389 -.00000107  00000+0 -32275-3 0  9999
2 55807  87.9034  44.3228 0001149  71.6218 288.5037 13.14501524 83685
ONEWEB-0644
1 55808U 23029N   24322.73425599 -.00000012  00000+0 -61552-4 0  9996
2 55808  87.9195  59.6135 0001612  81.3555 278.7761 13.19724469 82872
ONEWEB-0645
1 55809U 23029P   24322.73029831  .00000035  00000+0  55412-4 0  9997
2 55809  87.9193  59.6133 0001943  87.2314 272.9041 13.19726712 82874
ONEWEB-0646
1 55810U 23029Q   24322.76030616  .00000070  00000+0  14347-3 0  9995
2 55810  87.9188  59.6042 0001603  92.4599 267.6717 13.19722642 82863
ONEWEB-0648
1 55811U 23029R   24322.74852694  .00000115  00000+0  27597-3 0  9993
2 55811  87.9031  44.3323 0002103  72.0788 288.0571 13.14502213 83663
ONEWEB-0649
1 55812U 23029S   24323.10226908  .00000031  00000+0  44605-4 0  9995
2 55812  87.9187  59.5292 0001867  84.5309 275.6037 13.19728236 83638
ONEWEB-0650
1 55813U 23029T   24323.09753767  .00000090  00000+0  19134-3 0  9995
2 55813  87.9190  59.5349 0001681  94.2462 265.8862 13.19728097 83607
ONEWEB-0652
1 55814U 23029U   24322.95783752 -.00000471  00000+0 -13049-2 0  9990
2 55814  87.9030  44.3016 0001832 104.8138 255.3195 13.14501742 84357
ONEWEB-0653
1 55815U 23029V   24322.94199751  .00002782  00000+0  74682-2 0  9995
2 55815  87.9037  44.2891 0002125 110.6719 249.4639 13.14491969 84380
ONEWEB-0654
1 55816U 23029W   24322.78499259 -.00000051  00000+0 -17282-3 0  9997
2 55816  87.9037  44.3261 0001989 114.0220 246.1119 13.14502806 84385
ONEWEB-0656
1 55817U 23029X   24322.92218749  .00000055  00000+0  10229-3 0  9993
2 55817  87.9285  29.0569 0001833 120.9943 239.1371 13.20772625 85083
ONEWEB-0657
1 55818U 23029Y   24323.01698328  .00000001  00000+0 -31041-4 0  9998
2 55818  87.9191  59.5561 0001193 128.7051 231.4188 13.19722126 83599
ONEWEB-0658
1 55819U 23029Z   24322.78478350  .00000119  00000+0  26475-3 0  9996
2 55819  87.9189  59.5369 0001577  82.8291 277.3020 13.19729036 82898
ONEWEB-0660
1 55820U 23029AA  24322.76279859  .00000219  00000+0  55558-3 0  9994
2 55820  87.9032  44.3038 0002076  92.2476 267.8891 13.14500500 83672
ONEWEB-0661
1 55821U 23029AB  24322.72156042 -.00000230  00000+0 -65481-3 0  9990
2 55821  87.9036  44.3804 0002179  94.6754 265.4625 13.14499887 83659
ONEWEB-0662
1 55822U 23029AC  24322.75644169 -.00000133  00000+0 -39264-3 0  9998
2 55822  87.9032  44.3807 0001935  89.9020 270.2332 13.14502088 83704
ONEWEB-0663
1 55823U 23029AD  24323.13932084  .00000187  00000+0  42704-3 0  9998
2 55823  87.9289  29.0730 0002039  87.9037 272.2330 13.20813173 85783
ONEWEB-0664
1 55824U 23029AE  24323.13682924  .00000197  00000+0  45377-3 0  9994
2 55824  87.9290  29.0894 0002299 103.0421 257.0969 13.20769997 85796
ONEWEB-0665
1 55825U 23029AF  24322.94674320 -.00000091  00000+0 -28066-3 0  9995
2 55825  87.9036  44.3104 0001864  92.5350 267.5994 13.14503443 84393
ONEWEB-0666
1 55826U 23029AG  24322.67598169  .00000031  00000+0  43424-4 0  9990
2 55826  87.9289  29.1708 0001838 112.2378 247.8950 13.20770936 85053
ONEWEB-0667
1 55827U 23029AH  24322.89692318  .00000083  00000+0  17296-3 0  9990
2 55827  87.9289  29.0599 0002106  96.8950 263.2423 13.20774265 85071
ONEWEB-0669
1 55828U 23029AJ  24322.74067425  .00000108  00000+0  23380-3 0  9999
2 55828  87.9288  29.1277 0002284 118.7452 241.3911 13.20773707 85050
ONEWEB-0670
1 55829U 23029AK  24322.92454197  .00000246  00000+0  62825-3 0  9996
2 55829  87.9039  44.3256 0002281  97.4614 262.6775 13.14503969 83721
ONEWEB-0671
1 55830U 23029AL  24323.00750382  .00000053  00000+0  99443-4 0  9996
2 55830  87.9187  59.5540 0002036  97.7830 262.3534 13.19727347 83590
ONEWEB-0672
1 55831U 23029AM  24323.11473195  .00000140  00000+0  31125-3 0  9992
2 55831  87.9288  29.0380 0001693 110.9458 249.1856 13.20773359 85788
ONEWEB-0673
1 55832U 23029AN  24322.83218525  .00000118  00000+0  26347-3 0  9990
2 55832  87.9189  59.5548 0001659  91.6768 268.4555 13.19724869 83591
ONEWEB-0674
1 55833U 23029AP  24322.96894349 -.00000001  00000+0 -37911-4 0  9992
2 55833  87.9030  44.3143 0002351  98.4776 261.6621 13.14499641 84394
ONEWEB-0675
1 55834U 23029AQ  24322.99962438  .00000121  00000+0  26945-3 0  9996
2 55834  87.9193  59.5607 0001357 104.8602 255.2681 13.19726376 83637
ONEWEB-0720
1 55835U 23029AR  24322.76425391  .00000123  00000+0  27470-3 0  9990
2 55835  87.9190  59.6062 0001833  86.4140 273.7203 13.19728774 82810
ONEWEB-0537
1 56046U 23043A   24322.75765278  .00000065  00000+0  13564-3 0  9995
2 56046  87.9090 343.6003 0001592  97.1832 262.9480 13.16596388 83116
ONEWEB-0538
1 56047U 23043B   24322.75132090  .00000081  00000+0  17789-3 0  9997
2 56047  87.9091 343.6224 0001636  87.0657 273.0661 13.16596241 83128
ONEWEB-0546
1 56048U 23043C   24322.81464537 -.00000124  00000+0 -35709-3 0  9991
2 56048  87.9092 343.5759 0001581 120.0999 240.0289 13.16594581 83123
ONEWEB-0547
1 56049U 23043D   24322.59420242  .00000066  00000+0  12819-3 0  9992
2 56049  87.9316 358.8423 0001709  91.4218 268.7112 13.21826907 82056
ONEWEB-0548
1 56050U 23043E   24322.76398793  .00000058  00000+0  11874-3 0  9999
2 56050  87.9093 343.6281 0002382  95.6706 264.4696 13.16596567 83118
ONEWEB-0549
1 56051U 23043F   24322.88832707  .00000060  00000+0  11461-3 0  9996
2 56051  87.9317 358.7850 0001657  82.3465 277.7858 13.21827757 82093
ONEWEB-0550
1 56052U 23043G   24322.87571310  .00000013  00000+0  11325-5 0  9995
2 56052  87.9314 358.7896 0002018  96.7394 263.3970 13.21821185 82098
ONEWEB-0551
1 56053U 23043H   24322.71673632 -.00000226  00000+0 -63314-3 0  9990
2 56053  87.9098  13.9935 0001792  90.1047 270.0288 13.15549332 80609
ONEWEB-0552
1 56054U 23043J   24322.86940865 -.00000862  00000+0 -21187-2 0  9999
2 56054  87.9309 358.8005 0002606  79.1799 280.9629 13.21815472 83004
ONEWEB-0553
1 56055U 23043K   24322.97296936  .00000117  00000+0  27374-3 0  9991
2 56055  87.9089 343.5747 0001634 102.2568 257.8746 13.16597261 84063
ONEWEB-0554
1 56056U 23043L   24322.88432026  .00000179  00000+0  43338-3 0  9990
2 56056  87.9091 343.6175 0002500  93.3022 266.8394 13.16595859 84038
ONEWEB-0555
1 56057U 23043M   24322.77031195  .00000058  00000+0  11805-3 0  9991
2 56057  87.9092 343.6087 0001869 116.2899 243.8424 13.16597070 83110
ONEWEB-0557
1 56058U 23043N   24322.86056764 -.00000022  00000+0 -91844-4 0  9996
2 56058  87.9092 343.6154 0002375 117.1922 242.9451 13.16596079 83125
ONEWEB-0558
1 56059U 23043P   24322.63599811 -.00000082  00000+0 -23116-3 0  9999
2 56059  87.9319 358.8350 0001714  79.4350 280.6977 13.21823696 82074
ONEWEB-0559
1 56060U 23043Q   24322.85204148 -.00000013  00000+0 -61850-4 0  9993
2 56060  87.9316 358.7875 0002204  85.0511 275.0875 13.21822571 82112
ONEWEB-0566
1 56061U 23043R   24322.84573085 -.00000375  00000+0 -93983-3 0  9994
2 56061  87.9317 358.7886 0001802  76.1300 284.0035 13.21824953 82097
ONEWEB-0568
1 56062U 23043S   24322.57399205 -.00000018  00000+0 -80668-4 0  9996
2 56062  87.9090 343.6374 0001704 100.8698 259.2625 13.16596668 83102
ONEWEB-0574
1 56063U 23043T   24322.83943450  .00000148  00000+0  32700-3 0  9998
2 56063  87.9314 358.7818 0001718  97.1189 263.0141 13.21826783 82138
ONEWEB-0575
1 56064U 23043U   24322.87164638 -.00000332  00000+0 -90223-3 0  9997
2 56064  87.9092 343.5887 0002237 104.5296 255.6083 13.16593457 84046
ONEWEB-0576
1 56065U 23043V   24322.77664742  .00000042  00000+0  75905-4 0  9995
2 56065  87.9090 343.6019 0001870 102.9033 257.2307 13.16592351 83112
ONEWEB-0577
1 56066U 23043W   24322.85898451 -.00000085  00000+0 -25720-3 0  9999
2 56066  87.9092 343.5855 0002491 105.7541 254.3865 13.16596431 83151
ONEWEB-0578
1 56067U 23043X   24322.90253215  .00000065  00000+0  12551-3 0  9993
2 56067  87.9318 358.7729 0001839  99.1845 260.9497 13.21825934 82106
ONEWEB-0579
1 56068U 23043Y   24322.89304558  .00000029  00000+0  39255-4 0  9990
2 56068  87.9313 358.7673 0002078  86.9492 273.1880 13.21828759 82119
ONEWEB-0581
1 56069U 23043Z   24322.78931816 -.00000271  00000+0 -74274-3 0  9992
2 56069  87.9089 343.6294 0002369  95.5490 264.5912 13.16593694 83111
ONEWEB-0609
1 56070U 23043AA  24322.66922477  .00000136  00000+0  32732-3 0  9995
2 56070  87.9097  13.9852 0001711  95.7579 264.3747 13.15550116 80638
ONEWEB-0613
1 56071U 23043AB  24322.89262927  .00000136  00000+0  32602-3 0  9994
2 56071  87.9101  13.9430 0001883  87.5991 272.5355 13.15545585 80667
ONEWEB-0630
1 56072U 23043AC  24323.11603844  .00000083  00000+0  18661-3 0  9998
2 56072  87.9100  13.8841 0001791  87.1034 273.0301 13.15550342 81591
ONEWEB-0632
1 56073U 23043AD  24322.65494020 -.00000335  00000+0 -92270-3 0  9991
2 56073  87.9098  13.9949 0002150  97.8161 262.3213 13.15546819 80627
ONEWEB-0633
1 56074U 23043AE  24322.87678334 -.00000067  00000+0 -21297-3 0  9991
2 56074  87.9095  13.9266 0001675  82.1532 277.9788 13.15548122 80636
ONEWEB-0634
1 56075U 23043AF  24322.93856700 -.00000065  00000+0 -20774-3 0  9991
2 56075  87.9104  13.9349 0001508 100.0623 260.0677 13.15550756 80632
ONEWEB-0635
1 56076U 23043AG  24322.85776707 -.00000030  00000+0 -11455-3 0  9999
2 56076  87.9074  13.9952 0002192  99.4985 260.6393 13.15546079 80657
ONEWEB-0636
1 56077U 23043AH  24322.69772932  .00000056  00000+0  11552-3 0  9992
2 56077  87.9102  14.0046 0002122  98.9506 261.1865 13.15546421 80619
ONEWEB-0637
1 56078U 23043AJ  24322.84350218  .00000088  00000+0  19932-3 0  9994
2 56078  87.9106  13.9548 0002278 101.1055 259.0332 13.15550466 80650
ONEWEB-0647
1 56079U 23043AK  24322.91480516  .00000118  00000+0  27808-3 0  9993
2 56079  87.9098  13.9550 0002044  93.3628 266.7736 13.15550641 80651
ONEWEB-0651
1 56080U 23043AL  24322.91004954  .00000177  00000+0  43675-3 0  9998
2 56080  87.9102  13.9374 0002160 104.1032 256.0338 13.15550868 81856
ONEWEB-0718
1 56081U 23043AM  24322.90530311  .00000182  00000+0  44883-3 0  9997
2 56081  87.9101  13.9233 0001322 103.6790 256.4488 13.15548197 80664
ONEWEB-0561
1 56710U 23068A   24323.14313562  .00000188  00000+0  42989-3 0  9998
2 56710  87.9276  29.0870 0002481  99.2390 260.9024 13.20768578 74161
ONEWEB-0668
1 56711U 23068B   24322.86770236  .00000060  00000+0  12246-3 0  9994
2 56711  87.9083 343.5832 0001355 108.3752 251.7527 13.16593559 75946
ONEWEB-0676
1 56712U 23068C   24322.77190479 -.00000272  00000+0 -74623-3 0  9994
2 56712  87.9090 343.6192 0002365  93.8641 266.2760 13.16593236 75854
ONEWEB-0677
1 56713U 23068D   24322.67754676  .00000071  00000+0  14149-3 0  9991
2 56713  87.9276  29.1498 0001991 108.4545 251.6805 13.20774237 73703
ONEWEB-0678
1 56714U 23068E   24322.64543311 -.00000062  00000+0 -19746-3 0  9991
2 56714  87.9101  13.9422 0001958  87.9610 272.1744 13.15546055 73480
ONEWEB-0679
1 56715U 23068F   24322.81704422  .00000071  00000+0  15108-3 0  9999
2 56715  87.9086 343.6091 0002042 112.7201 247.4146 13.16594626 75881
ONEWEB-0680
1 56716U 23068G   24322.66911794  .00000081  00000+0  16492-3 0  9993
2 56716  87.9293 358.8574 0001443 118.4002 241.7278 13.21824775 74937
ONEWEB-0681
1 56717U 23068H   24322.83076338  .00000031  00000+0  42599-4 0  9992
2 56717  87.9316 358.8090 0002875 106.8028 253.3422 13.21827313 74948
ONEWEB-0682
1 56718U 23068J   24322.67158303  .00000175  00000+0  43149-3 0  9998
2 56718  87.9100  13.9743 0001628 115.7965 244.3333 13.15546025 73657
ONEWEB-0683
1 56719U 23068K   24322.84508516 -.00000238  00000+0 -66538-3 0  9992
2 56719  87.9100  13.9116 0001684 107.0161 253.1154 13.15548323 73647
ONEWEB-0684
1 56720U 23068L   24322.85301858  .00000063  00000+0  13284-3 0  9999
2 56720  87.9071  13.9809 0002004  52.7254 307.4058 13.15546753 73473
ONEWEB-0686
1 56721U 23068M   24322.57874249  .00000039  00000+0  69356-4 0  9993
2 56721  87.9085 343.6931 0001450  91.3966 268.7331 13.16592617 75848
ONEWEB-0694
1 56722U 23068N   24322.84942894 -.00000010  00000+0 -58555-4 0  9996
2 56722  87.9087 343.5595 0001614 106.6716 253.4592 13.16591455 75930
ONEWEB-0696
1 56723U 23068P   24322.88628403  .00000038  00000+0  68227-4 0  9993
2 56723  87.9098  13.9547 0002025  89.0134 271.1228 13.15556364 73595
ONEWEB-0703
1 56724U 23068Q   24322.89579269  .00000094  00000+0  21547-3 0  9995
2 56724  87.9100  13.9729 0002867  81.1290 279.0165 13.15549813 73488
ONEWEB-0721
1 56725U 23068R   24322.91667824 -.01008985  00000+0 -36823+0 0  9993
2 56725  86.6742 272.2893 0011566  83.3904  47.4308 14.36417726  5685
ONEWEB-0015
1 61594U 24188A   24322.58981452  .00014979  00000+0  18322-2 0  9990
2 61594  86.5759 158.3207 0006870 110.0870 250.1093 14.83131332  7175
ONEWEB-0687
1 61595U 24188B   24322.59102407  .00002677  00000+0  32780-3 0  9994
2 61595  86.5776 158.3215 0006183 111.0533 249.1352 14.82807398  7175
ONEWEB-0688
1 61596U 24188C   24322.79642893  .00001550  00000+0  18870-3 0  9998
2 61596  86.5792 158.2447 0005661 111.2553 248.9275 14.82757139  7206
ONEWEB-0689
1 61597U 24188D   24322.79816525  .00004049  00000+0  49451-3 0  9999
2 61597  86.5712 158.2315 0003880 109.9952 250.1689 14.83063739  7202
ONEWEB-0690
1 61598U 24188E   24322.85185284  .00002560  00000+0  31015-3 0  9991
2 61598  86.5772 158.1987 0007718 112.2874 247.9169 14.83223478  7213
ONEWEB-0691
1 61599U 24188F   24322.92608764  .00002575  00000+0  31511-3 0  9990
2 61599  86.5807 158.1867 0006876 113.1245 247.0704 14.82815103  5491
ONEWEB-0692
1 61600U 24188G   24322.80160117  .00002659  00000+0  32366-3 0  9997
2 61600  86.5737 158.2458 0003807 122.3858 237.7734 14.83062602  7205
ONEWEB-0693
1 61601U 24188H   24322.86618253  .00002516  00000+0  30578-3 0  9998
2 61601  86.5699 158.1995 0003700 110.6589 249.5031 14.83108973  7215
ONEWEB-0695
1 61602U 24188J   24322.86805146  .00002281  00000+0  27788-3 0  9996
2 61602  86.5758 158.2201 0003723 108.0446 252.1183 14.82955917  7216
ONEWEB-0697
1 61603U 24188K   24322.86977377  .00002412  00000+0  29463-3 0  9991
2 61603  86.5708 158.2038 0003686 118.8757 241.2836 14.82888593  7211
ONEWEB-0698
1 61604U 24188L   24322.58610464  .00002638  00000+0  32200-3 0  9995
2 61604  86.5788 158.3190 0007006 114.9476 245.2475 14.82933631  7177
ONEWEB-0699
1 61605U 24188M   24322.91667824 -.00974498  00000+0 -17442+0 0  9996
2 61605  86.6761 158.2676 0003096 121.5493 320.1680 14.69789481  3192
ONEWEB-0700
1 61606U 24188N   24322.91667824 -.00980255  00000+0 -17488+0 0  9995
2 61606  86.6739 158.2468 0003282 106.8513  17.8143 14.69947629  3243
ONEWEB-0701
1 61607U 24188P   24322.91667824 -.00992445  00000+0 -17398+0 0  9990
2 61607  86.6732 158.2462 0005804 105.5728  69.2702 14.70731405  5561
ONEWEB-0702
1 61608U 24188Q   24322.79190172  .00003865  00000+0  47695-3 0  9998
2 61608  86.5811 158.2367 0007201 114.1329 246.0647 14.82606699  7204
ONEWEB-0704
1 61609U 24188R   24322.91667824 -.00976211  00000+0 -17716+0 0  9999
2 61609  86.6817 158.2769 0003260 125.1961 306.7364 14.69187168  3243
ONEWEB-0705
1 61610U 24188S   24322.91667824 -.01014265  00000+0 -16991+0 0  9998
2 61610  86.6573 158.2297 0006170 108.8793 107.8612 14.72762970  3154
ONEWEB-0706
1 61611U 24188T   24322.91667824 -.00983009  00000+0 -17242+0 0  9999
2 61611  86.6747 158.2460 0007017 111.4392  77.0856 14.70671023  3251
ONEWEB-0707
1 61612U 24188U   24322.91667824 -.00974812  00000+0 -17569+0 0  9994
2 61612  86.6810 158.2709 0004051 125.1457 332.0968 14.69481064  3236
ONEWEB-0708
1 61613U 24188V   24322.91667824 -.00991175  00000+0 -17588+0 0  9997
2 61613  86.6736 158.2478 0004429 111.1579  27.9106 14.70207244  3160
